country,year,happiness_rating,gdp_per_capita,social_support,life_expectancy,freedom,generosity,corruption
Afghanistan,2011,3.832,7.62,0.521,51.92,0.496,0.162,0.731
Afghanistan,2012,3.783,7.705,0.521,52.24,0.531,0.236,0.7759999999999999
Afghanistan,2013,3.572,7.725,0.484,52.56,0.578,0.061,0.823
Afghanistan,2014,3.131,7.718,0.526,52.88,0.509,0.104,0.871
Afghanistan,2015,3.983,7.702000000000001,0.529,53.2,0.389,0.08,0.8809999999999999
Afghanistan,2016,4.22,7.697,0.5589999999999999,53.0,0.523,0.042,0.7929999999999999
Afghanistan,2017,2.662,7.697,0.491,52.8,0.4270000000000001,-0.121,0.954
Afghanistan,2018,2.694,7.692,0.508,52.6,0.374,-0.094,0.928
Afghanistan,2019,2.375,7.697,0.42,52.4,0.394,-0.108,0.924
Albania,2011,5.867000000000001,9.331,0.759,66.68,0.487,-0.205,0.877
Albania,2012,5.51,9.347,0.785,66.96,0.602,-0.16899999999999998,0.848
Albania,2013,4.551,9.359,0.759,67.24,0.632,-0.127,0.863
Albania,2014,4.814,9.378,0.626,67.52,0.735,-0.025,0.883
Albania,2015,4.607,9.403,0.639,67.8,0.7040000000000001,-0.081,0.885
Albania,2016,4.511,9.437,0.638,68.1,0.73,-0.017,0.901
Albania,2017,4.64,9.476,0.638,68.4,0.75,-0.029,0.8759999999999999
Albania,2018,5.004,9.518,0.684,68.7,0.8240000000000001,0.009000000000000001,0.899
Albania,2019,4.995,9.544,0.6859999999999999,69.0,0.777,-0.099,0.914
Albania,2020,5.365,9.497,0.71,69.3,0.754,0.006999999999999999,0.8909999999999999
Algeria,2011,5.317,9.297,0.81,64.66,0.53,-0.181,0.638
Algeria,2012,5.605,9.311,0.8390000000000001,64.82,0.5870000000000001,-0.172,0.69
Algeria,2014,6.355,9.335,0.818,65.14,,,
Algeria,2016,5.341,9.362,0.7490000000000001,65.5,,,
Algeria,2017,5.249,9.354,0.807,65.7,0.4370000000000001,-0.16699999999999998,0.7
Algeria,2018,5.043,9.348,0.799,65.9,0.583,-0.146,0.759
Algeria,2019,4.745,9.337,0.8029999999999999,66.1,0.385,0.005,0.741
Angola,2011,5.589,8.946,0.723,52.5,0.584,0.055,0.911
Angola,2012,4.36,8.992,0.753,53.2,0.456,-0.136,0.906
Angola,2013,3.937,9.005,0.722,53.9,0.41,-0.104,0.816
Angola,2014,3.795,9.017,0.755,54.6,0.375,-0.168,0.8340000000000001
Argentina,2011,6.776,10.112,0.889,67.48,0.816,-0.174,0.755
Argentina,2012,6.468,10.091,0.902,67.66,0.747,-0.14800000000000002,0.8170000000000001
Argentina,2013,6.582000000000002,10.103,0.91,67.84,0.737,-0.13,0.823
Argentina,2014,6.671,10.067,0.918,68.02,0.745,-0.16399999999999998,0.8540000000000001
Argentina,2015,6.697,10.083,0.926,68.2,0.8809999999999999,-0.174,0.851
Argentina,2016,6.4270000000000005,10.051,0.883,68.4,0.848,-0.192,0.851
Argentina,2017,6.039,10.067,0.907,68.6,0.8320000000000001,-0.18600000000000005,0.841
Argentina,2018,5.792999999999998,10.032,0.9,68.8,0.846,-0.211,0.855
Argentina,2019,6.086,10.0,0.8959999999999999,69.0,0.8170000000000001,-0.211,0.83
Argentina,2020,5.901,9.85,0.897,69.2,0.823,-0.122,0.816
Armenia,2011,4.26,9.182,0.705,65.36,0.465,-0.225,0.875
Armenia,2012,4.32,9.249,0.6759999999999999,65.52,0.502,-0.215,0.893
Armenia,2013,4.277,9.277,0.723,65.68,0.504,-0.195,0.9
Armenia,2014,4.453,9.307,0.7390000000000001,65.84,0.506,-0.218,0.92
Armenia,2015,4.348,9.334,0.723,66.0,0.551,-0.203,0.901
Armenia,2016,4.325,9.333,0.7090000000000001,66.3,0.611,-0.17,0.921
Armenia,2017,4.288,9.402,0.698,66.6,0.614,-0.147,0.865
Armenia,2018,5.062,9.451,0.8140000000000001,66.9,0.8079999999999999,-0.163,0.677
Armenia,2019,5.488,9.522,0.782,67.2,0.8440000000000001,-0.172,0.583
Australia,2011,7.4060000000000015,10.733,0.967,72.3,0.945,0.369,0.382
Australia,2012,7.1960000000000015,10.754,0.945,72.4,0.935,0.274,0.368
Australia,2013,7.364,10.762,0.928,72.5,0.933,0.269,0.4320000000000001
Australia,2014,7.289,10.772,0.924,72.6,0.923,0.319,0.442
Australia,2015,7.309,10.779000000000002,0.952,72.7,0.922,0.332,0.35700000000000004
Australia,2016,7.25,10.791,0.942,73.0,0.922,0.239,0.399
Australia,2017,7.2570000000000014,10.798,0.95,73.3,0.911,0.317,0.411
Australia,2018,7.1770000000000005,10.811,0.94,73.6,0.916,0.146,0.405
Australia,2019,7.234,10.815,0.943,73.9,0.918,0.121,0.43
Australia,2020,7.1370000000000005,10.76,0.937,74.2,0.905,0.21,0.491
Austria,2011,7.471,10.887,0.944,71.54,0.939,0.132,0.703
Austria,2012,7.401,10.889,0.945,71.68,0.92,0.118,0.7709999999999999
Austria,2013,7.499,10.883,0.95,71.82,0.922,0.168,0.679
Austria,2014,6.95,10.882,0.899,71.96,0.885,0.118,0.5670000000000001
Austria,2015,7.0760000000000005,10.880999999999998,0.928,72.1,0.9,0.099,0.557
Austria,2016,7.047999999999999,10.890999999999998,0.926,72.4,0.889,0.08,0.524
Austria,2017,7.294,10.908,0.906,72.7,0.89,0.133,0.518
Austria,2018,7.396,10.928,0.912,73.0,0.904,0.053,0.523
Austria,2019,7.195,10.939,0.964,73.3,0.903,0.06,0.457
Austria,2020,7.212999999999999,10.851,0.925,73.6,0.912,0.011,0.464
Azerbaijan,2011,4.68,9.54,0.725,63.64,0.537,-0.105,0.795
Azerbaijan,2012,4.9110000000000005,9.549,0.762,63.88,0.599,-0.14,0.763
Azerbaijan,2013,5.481,9.592,0.77,64.12,0.672,-0.168,0.6990000000000001
Azerbaijan,2014,5.252000000000002,9.607,0.799,64.36,0.733,-0.208,0.654
Azerbaijan,2015,5.147,9.606,0.7859999999999999,64.6,0.764,-0.198,0.616
Azerbaijan,2016,5.3039999999999985,9.564,0.777,64.9,0.713,-0.204,0.607
Azerbaijan,2017,5.152,9.555,0.787,65.2,0.731,-0.225,0.653
Azerbaijan,2018,5.167999999999998,9.562,0.7809999999999999,65.5,0.772,-0.232,0.561
Azerbaijan,2019,5.172999999999999,9.575,0.887,65.8,0.8540000000000001,-0.214,0.457
Bahrain,2011,4.824,10.696,0.908,66.58,0.87,-0.051,0.583
Bahrain,2012,5.027,10.716,0.911,66.86,0.682,,0.438
Bahrain,2013,6.69,10.757,0.884,67.14,0.809,,0.525
Bahrain,2014,6.165,10.783,,67.42,,,
Bahrain,2015,6.0070000000000014,10.785,0.853,67.7,0.85,0.112,
Bahrain,2016,6.17,10.781,0.863,68.1,0.889,0.08800000000000001,
Bahrain,2017,6.227,10.771,0.8759999999999999,68.5,0.906,0.136,
Bahrain,2019,7.098,10.715,0.878,69.3,0.907,0.048,
Bahrain,2020,6.172999999999999,10.62,0.848,69.7,0.945,0.132,
Bangladesh,2011,4.9860000000000015,8.017999999999999,0.606,61.12,0.838,-0.069,0.757
Bangladesh,2012,4.724,8.07,0.5820000000000001,61.54,0.6679999999999999,-0.034,0.765
Bangladesh,2013,4.66,8.116,0.53,61.96,0.742,-0.016,0.743
Bangladesh,2014,4.636,8.164,0.5770000000000001,62.38,0.736,-0.098,0.789
Bangladesh,2015,4.633,8.216000000000001,0.601,62.8,0.815,-0.068,0.721
Bangladesh,2016,4.556,8.274,0.649,63.3,0.875,-0.08900000000000001,0.688
Bangladesh,2017,4.31,8.334,0.713,63.8,0.8959999999999999,0.012,0.635
Bangladesh,2018,4.499,8.399,0.706,64.3,0.901,-0.043,0.701
Bangladesh,2019,5.114,8.467,0.6729999999999999,64.8,0.902,-0.051,0.6559999999999999
Bangladesh,2020,5.28,8.472000000000001,0.7390000000000001,65.3,0.777,-0.009000000000000001,0.742
Belarus,2011,5.225,9.812,0.91,62.88,0.6559999999999999,-0.168,0.672
Belarus,2012,5.749,9.83,0.902,63.46,0.645,-0.217,0.657
Belarus,2013,5.876,9.839,0.923,64.04,0.723,-0.177,0.653
Belarus,2014,5.812,9.856,0.88,64.62,0.647,-0.048,0.682
Belarus,2015,5.7189999999999985,9.815,0.924,65.2,0.623,-0.091,0.669
Belarus,2016,5.178,9.788,0.927,65.5,0.6579999999999999,-0.125,0.664
Belarus,2017,5.553,9.814,0.9,65.8,0.621,-0.122,0.654
Belarus,2018,5.234,9.846,0.905,66.1,0.644,-0.174,0.718
Belarus,2019,5.8210000000000015,9.86,0.917,66.4,0.657,-0.18600000000000005,0.546
Belgium,2011,7.1110000000000015,10.783,0.937,70.92,0.88,-0.014,0.711
Belgium,2012,6.935,10.784,0.927,71.04,0.855,-0.05,0.758
Belgium,2013,7.104,10.784,0.909,71.16,0.8909999999999999,0.017,0.574
Belgium,2014,6.855,10.795,0.944,71.28,0.861,0.001,0.512
Belgium,2015,6.904,10.81,0.885,71.4,0.8690000000000001,0.062,0.469
Belgium,2016,6.949,10.819,0.929,71.6,0.866,-0.056,0.4970000000000001
Belgium,2017,6.928,10.834,0.922,71.8,0.857,0.054000000000000006,0.5429999999999999
Belgium,2018,6.892,10.844,0.93,72.0,0.8079999999999999,-0.125,0.63
Belgium,2019,6.772,10.853,0.884,72.2,0.7759999999999999,-0.172,0.672
Belgium,2020,6.839,10.771,0.904,72.4,0.767,-0.16399999999999998,0.634
Belize,2014,5.956,8.883,0.757,62.22,0.8740000000000001,0.022,0.782
Benin,2011,3.87,7.904,0.477,51.98,0.773,-0.142,0.8490000000000001
Benin,2012,3.193,7.922999999999999,0.523,52.26,0.769,-0.111,0.8059999999999999
Benin,2013,3.479,7.963999999999999,0.5770000000000001,52.54,0.7829999999999999,-0.085,0.856
Benin,2014,3.347,7.997999999999998,0.506,52.82,0.7759999999999999,-0.096,0.855
Benin,2015,3.625,7.987999999999999,0.434,53.1,0.733,-0.027000000000000003,0.85
Benin,2016,4.007,7.9929999999999986,0.493,53.5,0.78,-0.065,0.838
Benin,2017,4.853,8.021,0.436,53.9,0.727,-0.065,0.767
Benin,2018,5.82,8.059,0.504,54.3,0.713,0.002,0.747
Benin,2019,4.976,8.097999999999999,0.442,54.7,0.77,-0.016,0.698
Benin,2020,4.408,8.102,0.507,55.1,0.7829999999999999,-0.083,0.532
Bhutan,2013,5.569,9.123,0.8190000000000001,59.6,0.81,0.353,0.802
Bhutan,2014,4.939,9.167,0.88,59.9,0.8340000000000001,0.268,0.65
Bhutan,2015,5.082,9.219,0.848,60.2,0.83,0.277,0.634
Bolivia,2011,5.779,8.831,0.8170000000000001,61.34,0.782,-0.039,0.825
Bolivia,2012,6.019,8.865,0.7809999999999999,61.68,0.862,-0.015,0.84
Bolivia,2013,5.767,8.915,0.8029999999999999,62.02,0.846,-0.067,0.812
Bolivia,2014,5.865,8.953,0.821,62.36,0.8809999999999999,0.018000000000000002,0.8320000000000001
Bolivia,2015,5.834,8.985,0.8290000000000001,62.7,0.884,-0.03,0.862
Bolivia,2016,5.77,9.012,0.7959999999999999,63.0,0.882,-0.047,0.853
Bolivia,2017,5.651,9.039,0.779,63.3,0.884,-0.12,0.8190000000000001
Bolivia,2018,5.916,9.066,0.8270000000000001,63.6,0.863,-0.093,0.7859999999999999
Bolivia,2019,5.674,9.074,0.784,63.9,0.8809999999999999,-0.086,0.857
Bolivia,2020,5.559,8.998,0.805,64.2,0.877,-0.054000000000000006,0.868
Bosnia and Herzegovina,2011,4.995,9.333,0.725,66.74,0.333,-0.035,0.925
Bosnia and Herzegovina,2012,4.773,9.342,0.779,66.78,0.42,-0.013,0.953
Bosnia and Herzegovina,2013,5.124,9.382,0.767,66.82,0.39,0.042,0.97
Bosnia and Herzegovina,2014,5.249,9.411,0.7879999999999999,66.86,0.412,0.232,0.976
Bosnia and Herzegovina,2015,5.117,9.457,0.6559999999999999,66.9,0.631,-0.055,0.96
Bosnia and Herzegovina,2016,5.181,9.5,0.8079999999999999,67.2,0.633,0.134,0.957
Bosnia and Herzegovina,2017,5.09,9.532,0.775,67.5,0.564,0.092,0.923
Bosnia and Herzegovina,2018,5.8870000000000005,9.576,0.836,67.8,0.659,0.123,0.913
Bosnia and Herzegovina,2019,6.016,9.609,0.873,68.1,0.722,0.079,0.963
Bosnia and Herzegovina,2020,5.516,9.583,0.899,68.4,0.74,0.138,0.916
Botswana,2011,3.52,9.6,0.86,53.68,0.813,-0.25,0.816
Botswana,2012,4.836,9.632,0.8370000000000001,54.46,0.799,-0.203,0.8140000000000001
Botswana,2013,4.128,9.728,0.856,55.24,0.767,-0.154,0.7490000000000001
Botswana,2014,4.0310000000000015,9.756,0.8590000000000001,56.02,0.7909999999999999,-0.105,0.743
Botswana,2015,3.762,9.724,0.816,56.8,0.857,-0.116,0.86
Botswana,2016,3.499,9.748,0.768,57.5,0.852,-0.253,0.7290000000000001
Botswana,2017,3.505,9.756,0.768,58.2,0.8170000000000001,-0.248,0.731
Botswana,2018,3.4610000000000003,9.778,0.795,58.9,0.818,-0.254,0.807
Botswana,2019,3.471,9.785,0.774,59.6,0.833,-0.239,0.792
Brazil,2011,7.0379999999999985,9.637,0.916,64.76,0.8340000000000001,-0.07200000000000001,0.662
Brazil,2012,6.66,9.647,0.89,65.02,0.8490000000000001,,0.623
Brazil,2013,7.14,9.668,0.91,65.28,0.785,-0.095,0.7070000000000001
Brazil,2014,6.981,9.664,0.898,65.54,0.7140000000000001,-0.115,0.71
Brazil,2015,6.5470000000000015,9.62,0.907,65.8,0.799,-0.016,0.7709999999999999
Brazil,2016,6.375,9.578,0.912,66.0,0.807,-0.1,0.7809999999999999
Brazil,2017,6.332999999999998,9.583,0.905,66.2,0.765,-0.175,0.794
Brazil,2018,6.191,9.589,0.882,66.4,0.7509999999999999,-0.117,0.763
Brazil,2019,6.4510000000000005,9.592,0.899,66.6,0.83,-0.062,0.762
Brazil,2020,6.11,9.522,0.831,66.8,0.7859999999999999,-0.053,0.7290000000000001
Bulgaria,2011,3.875,9.795,0.86,65.8,0.664,-0.228,0.948
Bulgaria,2012,4.222,9.804,0.838,65.9,0.6409999999999999,-0.172,0.938
Bulgaria,2013,3.993,9.813,0.8290000000000001,66.0,0.603,-0.191,0.962
Bulgaria,2014,4.438,9.838,0.8859999999999999,66.1,0.5760000000000001,-0.055,0.955
Bulgaria,2015,4.865,9.883,0.908,66.2,0.637,-0.2,0.941
Bulgaria,2016,4.838,9.928,0.926,66.4,0.7,-0.17,0.936
Bulgaria,2017,5.097,9.969,0.942,66.6,0.6890000000000001,-0.154,0.911
Bulgaria,2018,5.099,10.007,0.924,66.8,0.7240000000000001,-0.17600000000000002,0.952
Bulgaria,2019,5.1080000000000005,10.047,0.948,67.0,0.8220000000000001,-0.109,0.943
Bulgaria,2020,5.598,9.991,0.916,67.2,0.818,-0.004,0.901
Burkina Faso,2011,4.785,7.487,0.71,50.24,0.725,-0.105,0.7070000000000001
Burkina Faso,2012,3.955,7.52,0.7440000000000001,50.78,0.622,-0.07,0.726
Burkina Faso,2013,3.326,7.546,0.745,51.32,0.741,-0.016,0.765
Burkina Faso,2014,3.4810000000000003,7.559,0.742,51.86,0.71,-0.004,0.8009999999999999
Burkina Faso,2015,4.419,7.568,0.705,52.4,0.659,0.004,0.693
Burkina Faso,2016,4.206,7.596,0.764,52.9,0.645,-0.001,0.721
Burkina Faso,2017,4.647,7.627000000000002,0.785,53.4,0.614,-0.063,0.727
Burkina Faso,2018,4.927,7.665,0.665,53.9,0.721,-0.013,0.757
Burkina Faso,2019,4.7410000000000005,7.691,0.6829999999999999,54.4,0.6779999999999999,-0.004,0.7290000000000001
Burundi,2011,3.706,6.747999999999998,0.422,50.68,0.49,-0.062,0.677
Burundi,2014,2.905,6.787000000000001,0.565,51.82,0.431,-0.059,0.8079999999999999
Burundi,2018,3.775,6.635,0.485,53.4,0.6459999999999999,-0.024,0.599
Cambodia,2011,4.1610000000000005,7.96,0.716,58.88,0.927,0.418,0.775
Cambodia,2012,3.899,8.014,0.606,59.26,0.956,0.247,0.89
Cambodia,2013,3.674,8.068,0.6509999999999999,59.64,0.941,0.16399999999999998,0.812
Cambodia,2014,3.883,8.121,0.693,60.02,0.938,0.239,0.843
Cambodia,2015,4.162,8.173,0.7290000000000001,60.4,0.956,0.21,0.825
Cambodia,2016,4.461,8.225,0.746,60.8,0.958,0.076,0.84
Cambodia,2017,4.586,8.276,0.765,61.2,0.964,0.08800000000000001,0.821
Cambodia,2018,5.122000000000001,8.333,0.795,61.6,0.958,0.036000000000000004,
Cambodia,2019,4.998,8.387,0.759,62.0,0.957,0.013,0.828
Cambodia,2020,4.377,8.362,0.7240000000000001,62.4,0.963,0.052000000000000005,0.863
Cameroon,2011,4.434,8.048,0.738,48.7,0.8170000000000001,-0.029,0.87
Cameroon,2012,4.245,8.065,0.743,49.1,0.7659999999999999,-0.032,0.898
Cameroon,2013,4.271,8.09,0.76,49.5,0.794,-0.03,0.867
Cameroon,2014,4.24,8.12,0.778,49.9,0.795,-0.071,0.856
Cameroon,2015,5.038,8.149,0.6459999999999999,50.3,0.7909999999999999,0.049,0.868
Cameroon,2016,4.816,8.167,0.659,51.1,0.713,-0.003,0.879
Cameroon,2017,5.074,8.176,0.695,51.9,0.767,-0.028,0.8440000000000001
Cameroon,2018,5.251,8.19,0.677,52.7,0.816,0.036000000000000004,0.884
Cameroon,2019,4.937,8.203,0.711,53.5,0.7120000000000001,-0.008,0.8170000000000001
Cameroon,2020,5.2410000000000005,8.175,0.72,54.3,0.675,0.049,0.8370000000000001
Canada,2011,7.426,10.738,0.922,72.36,0.951,0.253,0.433
Canada,2012,7.415,10.744000000000002,0.948,72.52,0.918,0.29,0.466
Canada,2013,7.5939999999999985,10.757,0.936,72.68,0.916,0.316,0.406
Canada,2014,7.3039999999999985,10.775,0.918,72.84,0.939,0.27,0.442
Canada,2015,7.4129999999999985,10.774,0.939,73.0,0.931,0.253,0.4270000000000001
Canada,2016,7.245,10.773,0.924,73.2,0.912,0.211,0.385
Canada,2017,7.415,10.792,0.934,73.4,0.945,0.163,0.362
Canada,2018,7.175,10.798,0.923,73.6,0.946,0.106,0.3720000000000001
Canada,2019,7.109,10.8,0.925,73.8,0.912,0.112,0.436
Canada,2020,7.025,10.73,0.931,74.0,0.887,0.05,0.434
Central African Republic,2011,3.678,7.125,0.387,43.08,0.78,-0.016,0.8340000000000001
Central African Republic,2016,2.693,6.785,0.29,44.9,0.624,0.033,0.8590000000000001
Central African Republic,2017,3.4760000000000004,6.817,0.32,45.2,0.645,0.073,0.89
Chad,2011,4.393,7.425,0.8190000000000001,45.42,0.54,0.031,0.8759999999999999
Chad,2012,4.033,7.476,0.6729999999999999,45.74,0.563,-0.034,0.884
Chad,2013,3.508,7.497999999999998,0.7140000000000001,46.06,0.488,-0.045,0.882
Chad,2014,3.46,7.532,0.733,46.38,0.5670000000000001,-0.07,0.8809999999999999
Chad,2015,4.323,7.527,0.7509999999999999,46.7,0.474,-0.029,0.889
Chad,2016,4.029,7.431,0.616,47.2,0.525,0.052000000000000005,0.82
Chad,2017,4.559,7.37,0.6609999999999999,47.7,0.615,0.008,0.792
Chad,2018,4.4860000000000015,7.362999999999999,0.5770000000000001,48.2,0.65,0.024,0.763
Chad,2019,4.251,7.365,0.64,48.7,0.537,0.055,0.8320000000000001
Chile,2011,6.526,9.98,0.8190000000000001,69.04,0.701,0.112,0.753
Chile,2012,6.599,10.023,0.855,69.18,0.7340000000000001,0.195,0.782
Chile,2013,6.74,10.053,0.862,69.32,0.737,0.085,0.741
Chile,2014,6.8439999999999985,10.059,0.862,69.46,0.733,0.217,0.758
Chile,2015,6.533,10.07,0.8270000000000001,69.6,0.769,0.041,0.812
Chile,2016,6.579,10.074,0.841,69.7,0.652,0.102,0.858
Chile,2017,6.32,10.072,0.88,69.8,0.79,-0.02,0.836
Chile,2018,6.436,10.097,0.89,69.9,0.789,-0.06,0.816
Chile,2019,5.942,10.095,0.8690000000000001,70.0,0.659,-0.103,0.86
Chile,2020,6.151,10.02,0.888,70.1,0.7809999999999999,0.033,0.812
China,2011,5.037,9.179,0.787,67.76,0.8240000000000001,-0.18600000000000005,
China,2012,5.095,9.249,0.7879999999999999,67.92,0.8079999999999999,-0.185,
China,2013,5.2410000000000005,9.319,0.778,68.08,0.805,-0.158,
China,2014,5.1960000000000015,9.386,0.82,68.24,,-0.217,
China,2015,5.3039999999999985,9.449,0.794,68.4,,-0.244,
China,2016,5.325,9.51,0.742,68.7,,-0.228,
China,2017,5.099,9.571,0.772,69.0,0.878,-0.175,
China,2018,5.131,9.632,0.7879999999999999,69.3,0.895,-0.159,
China,2019,5.144,9.688,0.8220000000000001,69.6,0.927,-0.173,
China,2020,5.771,9.702,0.8079999999999999,69.9,0.8909999999999999,-0.103,
Colombia,2011,6.464,9.442,0.904,65.92,0.8109999999999999,-0.073,0.847
Colombia,2012,6.375,9.471,0.914,66.14,0.828,-0.009000000000000001,0.868
Colombia,2013,6.607,9.512,0.901,66.36,0.841,-0.071,0.898
Colombia,2014,6.449,9.546,0.907,66.58,0.8009999999999999,-0.09,0.887
Colombia,2015,6.388,9.564,0.89,66.8,0.7909999999999999,-0.1,0.843
Colombia,2016,6.234,9.571,0.882,67.1,0.835,-0.1,0.898
Colombia,2017,6.157,9.569,0.909,67.4,0.838,-0.157,0.875
Colombia,2018,5.984,9.579,0.871,67.7,0.851,-0.14800000000000002,0.855
Colombia,2019,6.35,9.598,0.873,68.0,0.8220000000000001,-0.172,0.8540000000000001
Colombia,2020,5.709,9.495,0.797,68.3,0.84,-0.085,0.8079999999999999
Comoros,2011,3.838,7.981,0.722,55.02,0.5,-0.075,0.732
Comoros,2012,3.956,7.987999999999999,0.7190000000000001,55.34,0.534,-0.121,0.6509999999999999
Comoros,2018,3.973,8.027999999999999,0.621,57.2,0.56,0.086,0.794
Comoros,2019,4.609,8.033,0.632,57.5,0.5379999999999999,0.077,0.762
Congo (Brazzaville),2011,4.51,8.18,0.637,54.58,0.745,-0.109,0.833
Congo (Brazzaville),2012,3.919,8.192,0.622,54.96,0.773,-0.112,0.8
Congo (Brazzaville),2013,3.955,8.201,0.68,55.34,0.726,-0.078,0.752
Congo (Brazzaville),2014,4.056,8.242,0.6859999999999999,55.72,0.662,-0.11,0.8079999999999999
Congo (Brazzaville),2015,4.691,8.243,0.642,56.1,0.85,-0.104,0.841
Congo (Brazzaville),2016,4.119,8.19,0.615,56.7,0.7859999999999999,-0.07200000000000001,0.79
Congo (Brazzaville),2017,4.884,8.146,0.655,57.3,0.778,-0.131,0.763
Congo (Brazzaville),2018,5.49,8.136000000000001,0.621,57.9,0.6990000000000001,-0.092,0.738
Congo (Brazzaville),2019,5.212999999999999,8.101,0.625,58.5,0.6859999999999999,-0.046,0.741
Congo (Kinshasa),2011,4.517,6.7970000000000015,0.7440000000000001,50.34,0.631,-0.025,0.856
Congo (Kinshasa),2012,4.6389999999999985,6.832000000000002,0.77,50.78,0.557,-0.035,0.807
Congo (Kinshasa),2013,4.497,6.88,0.83,51.22,0.48,0.012,0.913
Congo (Kinshasa),2014,4.414,6.937,0.8220000000000001,51.66,0.556,0.009000000000000001,0.8140000000000001
Congo (Kinshasa),2015,3.903,6.971,0.767,52.1,0.574,-0.048,0.866
Congo (Kinshasa),2016,4.522,6.9620000000000015,0.8640000000000001,52.5,0.637,-0.024,0.875
Congo (Kinshasa),2017,4.311,6.966,0.67,52.9,0.7040000000000001,0.068,0.809
Costa Rica,2011,7.229,9.705,0.892,69.9,0.926,-0.033,0.8370000000000001
Costa Rica,2012,7.272,9.74,0.902,70.1,0.929,0.046,0.794
Costa Rica,2013,7.158,9.751,0.902,70.3,0.898,0.018000000000000002,0.813
Costa Rica,2014,7.247000000000001,9.775,0.914,70.5,0.927,0.01,0.7879999999999999
Costa Rica,2015,6.854,9.799,0.878,70.7,0.907,-0.059,0.7609999999999999
Costa Rica,2016,7.136,9.83,0.901,70.9,0.873,-0.032,0.7809999999999999
Costa Rica,2017,7.225,9.858,0.922,71.1,0.936,-0.076,0.742
Costa Rica,2018,7.141,9.874,0.8759999999999999,71.3,0.942,-0.107,0.7809999999999999
Costa Rica,2019,6.997999999999998,9.885,0.906,71.5,0.927,-0.146,0.836
Croatia,2011,5.385,10.091,0.79,68.0,0.517,-0.198,0.977
Croatia,2012,6.028,10.072,0.7759999999999999,68.1,0.542,-0.242,0.924
Croatia,2013,5.885,10.069,0.7509999999999999,68.2,0.627,-0.204,0.936
Croatia,2014,5.381,10.072,0.6459999999999999,68.3,0.519,0.132,0.918
Croatia,2015,5.205,10.104,0.768,68.4,0.6940000000000001,-0.096,0.8490000000000001
Croatia,2016,5.417000000000002,10.146,0.7979999999999999,69.0,0.672,-0.065,0.884
Croatia,2017,5.343,10.189,0.77,69.6,0.716,-0.104,0.892
Croatia,2018,5.5360000000000005,10.224,0.91,70.2,0.691,-0.151,0.925
Croatia,2019,5.626,10.258,0.936,70.8,0.7390000000000001,-0.13699999999999998,0.932
Croatia,2020,6.507999999999999,10.166,0.923,71.4,0.8370000000000001,-0.063,0.961
Cyprus,2011,6.69,10.53,0.8440000000000001,72.54,0.745,0.18,0.841
Cyprus,2012,6.181,10.479,0.767,72.68,0.725,0.098,0.871
Cyprus,2013,5.439,10.414,0.7440000000000001,72.82,0.6559999999999999,0.102,0.867
Cyprus,2014,5.627000000000002,10.406,0.77,72.96,0.715,0.06,0.868
Cyprus,2015,5.439,10.445,0.77,73.1,0.628,0.114,0.893
Cyprus,2016,5.795,10.505999999999998,0.7859999999999999,73.3,0.7559999999999999,-0.03,0.898
Cyprus,2017,6.062,10.539,0.8190000000000001,73.5,0.812,0.043,0.851
Cyprus,2018,6.276,10.567,0.826,73.7,0.794,-0.022,0.848
Cyprus,2019,6.1370000000000005,10.585,0.7759999999999999,73.9,0.74,-0.008,0.865
Cyprus,2020,6.26,,0.8059999999999999,74.1,0.763,,0.816
Czech Republic,2011,6.331,10.435,0.914,68.24,0.787,-0.106,0.95
Czech Republic,2012,6.334,10.425999999999998,0.912,68.38,0.74,-0.154,0.957
Czech Republic,2013,6.698,10.42,0.888,68.52,0.726,-0.156,0.916
Czech Republic,2014,6.484,10.446,0.878,68.66,0.8,-0.168,0.897
Czech Republic,2015,6.608,10.496,0.911,68.8,0.8079999999999999,-0.146,0.8859999999999999
Czech Republic,2016,6.7360000000000015,10.518,0.931,69.3,0.85,-0.197,0.9
Czech Republic,2017,6.79,10.558,0.901,69.8,0.8320000000000001,-0.177,0.867
Czech Republic,2018,7.034,10.583,0.929,70.3,0.79,-0.292,0.851
Czech Republic,2020,6.897,10.53,0.964,71.3,0.906,-0.127,0.884
Denmark,2011,7.7879999999999985,10.848,0.962,70.62,0.935,0.298,0.22
Denmark,2012,7.52,10.845999999999998,0.951,70.84,0.933,0.139,0.187
Denmark,2013,7.588999999999999,10.851,0.965,71.06,0.92,0.215,0.17
Denmark,2014,7.507999999999999,10.862,0.956,71.28,0.942,0.118,0.237
Denmark,2015,7.5139999999999985,10.878,0.96,71.5,0.941,0.222,0.191
Denmark,2016,7.558,10.903,0.954,71.8,0.948,0.138,0.21
Denmark,2017,7.5939999999999985,10.916,0.952,72.1,0.955,0.155,0.181
Denmark,2018,7.649,10.935,0.958,72.4,0.935,0.018000000000000002,0.151
Denmark,2019,7.693,10.954,0.958,72.7,0.963,0.02,0.174
Denmark,2020,7.515,10.91,0.947,73.0,0.938,0.052000000000000005,0.214
Djibouti,2011,4.369,7.88,0.633,54.7,0.746,-0.057,0.519
Dominican Republic,2011,5.397,9.475,0.872,64.02,0.848,0.014,0.7879999999999999
Dominican Republic,2012,4.753,9.489,0.879,64.24,0.84,-0.062,0.727
Dominican Republic,2013,5.016,9.525,0.878,64.46,0.889,0.021,0.752
Dominican Republic,2014,5.3870000000000005,9.582,0.8909999999999999,64.68,0.905,-0.02,0.76
Dominican Republic,2015,5.062,9.637,0.893,64.9,0.856,-0.065,0.755
Dominican Republic,2016,5.239,9.691,0.895,65.2,0.873,-0.08,0.737
Dominican Republic,2017,5.605,9.725,0.894,65.5,0.855,-0.121,0.76
Dominican Republic,2018,5.433,9.782,0.862,65.8,0.867,-0.15,0.762
Dominican Republic,2019,6.004,9.821,0.884,66.1,0.877,-0.123,0.746
Dominican Republic,2020,5.167999999999998,9.802,0.8059999999999999,66.4,0.835,-0.128,0.636
Ecuador,2011,5.795,9.304,0.818,66.96,0.7879999999999999,-0.155,0.7020000000000001
Ecuador,2012,5.961,9.344,0.785,67.12,0.825,-0.084,0.73
Ecuador,2013,6.019,9.377,0.8009999999999999,67.28,0.787,-0.191,0.6459999999999999
Ecuador,2014,5.9460000000000015,9.399,0.831,67.44,0.7190000000000001,-0.16699999999999998,0.6609999999999999
Ecuador,2015,5.964,9.384,0.856,67.6,0.8009999999999999,-0.114,0.6659999999999999
Ecuador,2016,6.115,9.355,0.8420000000000001,67.9,0.846,-0.015,0.774
Ecuador,2017,5.84,9.36,0.8490000000000001,68.2,0.879,-0.16699999999999998,0.7340000000000001
Ecuador,2018,6.127999999999999,9.355,0.851,68.5,0.8690000000000001,-0.099,0.831
Ecuador,2019,5.809,9.339,0.8079999999999999,68.8,0.83,-0.115,0.8390000000000001
Ecuador,2020,5.354,9.244,0.804,69.1,0.8290000000000001,-0.157,0.855
Egypt,2011,4.174,9.24,0.753,60.16,0.59,-0.151,0.8590000000000001
Egypt,2012,4.204,9.24,0.737,60.32,0.452,-0.138,0.88
Egypt,2013,3.559,9.239,0.675,60.48,0.474,-0.141,0.913
Egypt,2014,4.885,9.245,0.619,60.64,0.578,-0.126,0.7490000000000001
Egypt,2015,4.763,9.266,0.73,60.8,0.659,-0.08900000000000001,0.684
Egypt,2016,4.557,9.287,0.809,61.1,0.6559999999999999,-0.141,0.818
Egypt,2017,3.929,9.307,0.638,61.4,0.593,-0.152,
Egypt,2018,4.005,9.338,0.759,61.7,0.682,-0.215,
Egypt,2019,4.328,9.373,0.772,62.0,0.774,-0.199,
Egypt,2020,4.472,9.383,0.6729999999999999,62.3,0.77,-0.112,
El Salvador,2011,4.7410000000000005,8.933,0.731,64.4,0.747,-0.126,0.7070000000000001
El Salvador,2012,5.934,8.956,0.8059999999999999,64.6,0.6829999999999999,-0.155,0.7859999999999999
El Salvador,2013,6.325,8.974,0.8270000000000001,64.8,0.716,-0.15,0.772
El Salvador,2014,5.857,8.986,0.7979999999999999,65.0,0.778,-0.194,0.7809999999999999
El Salvador,2015,6.018,9.005,0.7909999999999999,65.2,0.733,-0.156,0.805
El Salvador,2016,6.14,9.025,0.794,65.5,0.8,-0.185,0.797
El Salvador,2017,6.339,9.042,0.8290000000000001,65.8,0.758,-0.172,0.778
El Salvador,2018,6.2410000000000005,9.061,0.82,66.1,0.863,-0.095,0.8009999999999999
El Salvador,2019,6.455,9.08,0.764,66.4,0.877,-0.109,0.682
El Salvador,2020,5.4620000000000015,9.019,0.696,66.7,0.924,-0.126,0.583
Estonia,2011,5.487,10.248,0.909,66.96,0.735,-0.168,0.687
Estonia,2012,5.364,10.282,0.889,67.22,0.6970000000000001,-0.192,0.7929999999999999
Estonia,2013,5.367000000000001,10.299,0.901,67.48,0.754,-0.201,0.726
Estonia,2014,5.556,10.331,0.917,67.74,0.773,-0.153,0.652
Estonia,2015,5.629,10.348,0.918,68.0,0.815,-0.16399999999999998,0.569
Estonia,2016,5.65,10.374,0.938,68.2,0.843,-0.149,0.639
Estonia,2017,5.938,10.429,0.936,68.4,0.862,-0.101,0.6679999999999999
Estonia,2018,6.091,10.472,0.933,68.6,0.8859999999999999,-0.141,0.621
Estonia,2019,6.035,10.511,0.934,68.8,0.887,-0.096,0.5760000000000001
Estonia,2020,6.4529999999999985,10.459,0.958,69.0,0.954,-0.08199999999999999,0.398
Ethiopia,2012,4.561,7.271,0.659,55.2,0.7759999999999999,-0.044,
Ethiopia,2013,4.445,7.343,0.602,55.8,0.7070000000000001,-0.008,0.75
Ethiopia,2014,4.507,7.4129999999999985,0.64,56.4,0.6940000000000001,0.08,0.7020000000000001
Ethiopia,2015,4.573,7.484,0.626,57.0,0.8029999999999999,0.113,0.5670000000000001
Ethiopia,2016,4.298,7.5470000000000015,0.7190000000000001,57.5,0.7440000000000001,0.038,0.703
Ethiopia,2017,4.18,7.612,0.7340000000000001,58.0,0.7170000000000001,0.001,0.757
Ethiopia,2018,4.379,7.651,0.74,58.5,0.74,0.039,0.799
Ethiopia,2019,4.1,7.705,0.748,59.0,0.754,0.053,0.732
Ethiopia,2020,4.549,7.711,0.823,59.5,0.769,0.188,0.784
Finland,2011,7.354,10.754,0.938,70.64,0.936,0.101,0.32
Finland,2012,7.42,10.735,0.928,70.88,0.921,-0.001,0.361
Finland,2013,7.445,10.722,0.941,71.12,0.919,0.04,0.306
Finland,2014,7.385,10.714,0.952,71.36,0.933,-0.001,0.265
Finland,2015,7.447999999999999,10.716,0.948,71.6,0.93,0.111,0.223
Finland,2016,7.66,10.74,0.954,71.7,0.948,-0.027000000000000003,0.25
Finland,2017,7.7879999999999985,10.768,0.964,71.8,0.962,-0.002,0.192
Finland,2018,7.858,10.783,0.962,71.9,0.938,-0.127,0.199
Finland,2019,7.78,10.792,0.937,72.0,0.948,-0.052000000000000005,0.195
Finland,2020,7.8889999999999985,10.75,0.962,72.1,0.962,-0.116,0.16399999999999998
France,2011,6.959,10.671,0.921,72.4,0.903,-0.102,0.627
France,2012,6.649,10.669,0.937,72.6,0.841,-0.149,0.608
France,2013,6.667000000000002,10.669,0.908,72.8,0.878,-0.125,0.6990000000000001
France,2014,6.4670000000000005,10.674,0.878,73.0,0.8029999999999999,-0.118,0.6559999999999999
France,2015,6.358,10.682,0.8959999999999999,73.2,0.8170000000000001,-0.139,0.6409999999999999
France,2016,6.475,10.69,0.885,73.4,0.787,-0.091,0.623
France,2017,6.635,10.711,0.931,73.6,0.8340000000000001,-0.123,0.601
France,2018,6.666,10.727,0.921,73.8,0.816,-0.138,0.5820000000000001
France,2019,6.69,10.74,0.958,74.0,0.8270000000000001,-0.133,0.568
France,2020,6.714,10.643,0.947,74.2,0.823,-0.16899999999999998,0.565
Gabon,2011,4.255,9.608,0.653,55.48,0.772,-0.211,0.851
Gabon,2012,3.972,9.621,0.736,56.16,0.5660000000000001,-0.195,0.81
Gabon,2013,3.8,9.638,0.733,56.84,0.682,-0.146,0.78
Gabon,2014,3.918,9.644,0.8290000000000001,57.52,0.607,-0.198,0.782
Gabon,2015,4.6610000000000005,9.649,0.7559999999999999,58.2,0.6709999999999999,-0.194,0.867
Gabon,2016,4.832,9.639,0.78,58.7,0.6990000000000001,-0.204,0.8170000000000001
Gabon,2017,4.782,9.616,0.807,59.2,0.652,-0.228,0.868
Gabon,2018,4.783,9.599,0.785,59.7,0.7190000000000001,-0.197,0.823
Gabon,2019,4.914,9.607,0.763,60.2,0.736,-0.203,0.846
Gambia,2017,4.118,7.637,0.6970000000000001,54.7,0.812,0.111,0.5720000000000001
Gambia,2018,4.922,7.671,0.685,55.0,0.7190000000000001,0.44,0.691
Gambia,2019,5.164,7.699,0.6940000000000001,55.3,0.677,0.41,0.7979999999999999
Georgia,2011,4.203,9.263,0.503,64.86,0.632,-0.255,0.353
Georgia,2012,4.254,9.332,0.5329999999999999,64.92,0.659,-0.269,0.321
Georgia,2013,4.349,9.371,0.5589999999999999,64.98,0.722,-0.254,0.349
Georgia,2014,4.288,9.414,0.5579999999999999,65.04,0.72,-0.233,0.416
Georgia,2015,4.122,9.442,0.517,65.1,0.64,-0.205,0.502
Georgia,2016,4.448,9.47,0.5329999999999999,64.9,0.606,-0.249,0.561
Georgia,2017,4.4510000000000005,9.517,0.59,64.7,0.821,-0.244,0.59
Georgia,2018,4.659,9.565,0.617,64.5,0.775,-0.233,0.755
Georgia,2019,4.892,9.617,0.675,64.3,0.8109999999999999,-0.26,0.647
Georgia,2020,5.122999999999998,9.569,0.718,64.1,0.764,-0.221,0.583
Germany,2011,6.621,10.813,0.947,70.98,0.906,0.033,0.677
Germany,2012,6.702000000000001,10.816,0.926,71.06,0.904,0.071,0.679
Germany,2013,6.965,10.817,0.931,71.14,0.894,0.024,0.5660000000000001
Germany,2014,6.984,10.835,0.938,71.22,0.899,0.08800000000000001,0.474
Germany,2015,7.037000000000001,10.844,0.926,71.3,0.889,0.17800000000000002,0.412
Germany,2016,6.874,10.858,0.906,71.6,0.871,0.14800000000000002,0.446
Germany,2017,7.074,10.878,0.892,71.9,0.841,0.145,0.414
Germany,2018,7.1179999999999986,10.89,0.92,72.2,0.877,0.034,0.496
Germany,2019,7.035,10.893,0.8859999999999999,72.5,0.885,0.057,0.462
Germany,2020,7.312,10.833,0.905,72.8,0.8640000000000001,-0.06,0.424
Ghana,2011,5.608,8.332,0.7240000000000001,54.48,0.852,0.011,0.79
Ghana,2012,5.057,8.397,0.685,54.86,0.679,0.04,0.898
Ghana,2013,4.965,8.445,0.6759999999999999,55.24,0.794,-0.065,0.88
Ghana,2014,3.86,8.45,0.6509999999999999,55.62,0.677,0.001,0.913
Ghana,2015,3.986,8.449,0.687,56.0,0.852,-0.038,0.945
Ghana,2016,4.5139999999999985,8.46,0.647,56.4,0.7509999999999999,0.09,0.894
Ghana,2017,5.481,8.517000000000001,0.669,56.8,0.7829999999999999,0.079,0.8390000000000001
Ghana,2018,5.004,8.555,0.7609999999999999,57.2,0.8170000000000001,0.062,0.846
Ghana,2019,4.967,8.596,0.746,57.6,0.787,0.116,0.857
Ghana,2020,5.319,8.59,0.643,58.0,0.8240000000000001,0.2,0.847
Greece,2011,5.372000000000001,10.339,0.852,71.56,0.528,-0.316,0.941
Greece,2012,5.096,10.268,0.812,71.62,0.373,-0.305,0.959
Greece,2013,4.72,10.243,0.687,71.68,0.426,-0.272,0.941
Greece,2014,4.756,10.257,0.8320000000000001,71.74,0.369,-0.28800000000000003,0.93
Greece,2015,5.622999999999998,10.259,0.835,71.8,0.532,-0.272,0.8240000000000001
Greece,2016,5.303,10.261,0.8029999999999999,72.0,0.482,-0.26,0.898
Greece,2017,5.148,10.278,0.753,72.2,0.438,-0.29,0.872
Greece,2018,5.409,10.299,0.794,72.4,0.564,-0.335,0.86
Greece,2019,5.952000000000001,10.319,0.8909999999999999,72.6,0.614,-0.289,0.848
Greece,2020,5.7879999999999985,10.215,0.779,72.8,0.565,-0.241,0.764
Guatemala,2011,5.7429999999999986,8.923,0.768,62.46,0.763,0.009000000000000001,0.863
Guatemala,2012,5.856,8.935,0.802,62.82,0.865,0.02,0.821
Guatemala,2013,5.985,8.953,0.83,63.18,0.884,0.045,0.8170000000000001
Guatemala,2014,6.5360000000000005,8.98,0.8340000000000001,63.54,0.843,0.108,0.804
Guatemala,2015,6.465,9.003,0.823,63.9,0.8690000000000001,0.051,0.8220000000000001
Guatemala,2016,6.359,9.013,0.8109999999999999,64.2,0.863,0.011,0.812
Guatemala,2017,6.325,9.026,0.826,64.5,0.915,-0.059,0.8
Guatemala,2018,6.627000000000002,9.042,0.841,64.8,0.91,-0.01,0.765
Guatemala,2019,6.2620000000000005,9.064,0.774,65.1,0.901,-0.062,0.773
Guinea,2011,4.045,7.567,0.598,50.22,0.797,0.041,0.743
Guinea,2012,3.652,7.603,0.542,50.44,0.6459999999999999,0.001,0.794
Guinea,2013,3.902,7.619,0.5670000000000001,50.66,0.693,0.091,0.815
Guinea,2014,3.412,7.6320000000000014,0.638,50.88,0.684,0.006,0.705
Guinea,2015,3.505,7.645,0.579,51.1,0.6659999999999999,0.006999999999999999,0.762
Guinea,2016,3.603,7.721,0.675,52.2,0.726,-0.056,0.8029999999999999
Guinea,2017,4.874,7.792000000000002,0.634,53.3,0.738,0.038,0.75
Guinea,2018,5.252000000000002,7.822999999999999,0.63,54.4,0.731,0.092,0.778
Guinea,2019,4.768,7.849,0.655,55.5,0.691,0.097,0.7559999999999999
Haiti,2011,4.845,7.422999999999999,0.5670000000000001,36.86,0.413,0.243,0.682
Haiti,2012,4.413,7.437,0.7490000000000001,41.42,0.482,0.289,0.7170000000000001
Haiti,2013,4.622,7.463999999999999,0.648,45.98,0.61,0.289,0.669
Haiti,2014,3.889,7.477,0.5539999999999999,50.54,0.509,0.285,0.708
Haiti,2015,3.57,7.476,0.564,55.1,0.398,0.306,0.777
Haiti,2016,3.352,7.477,0.584,55.3,0.304,0.29100000000000004,0.8390000000000001
Haiti,2017,3.824,7.475,0.647,55.5,0.484,0.381,0.647
Haiti,2018,3.615,7.477,0.5379999999999999,55.7,0.591,0.422,0.72
Honduras,2011,4.961,8.508,0.7659999999999999,65.72,0.7829999999999999,0.095,0.884
Honduras,2012,4.602,8.53,0.779,65.94,0.7,-0.003,0.871
Honduras,2013,4.713,8.54,0.792,66.16,0.698,-0.027000000000000003,0.868
Honduras,2014,5.056,8.552,0.79,66.38,0.696,0.015,0.8340000000000001
Honduras,2015,4.845,8.572000000000001,0.772,66.6,0.534,-0.097,0.848
Honduras,2016,5.648,8.593,0.774,66.8,0.85,0.08,0.7929999999999999
Honduras,2017,6.02,8.624,0.843,67.0,0.898,0.07200000000000001,0.7829999999999999
Honduras,2018,5.908,8.642999999999999,0.8270000000000001,67.2,0.872,0.099,0.804
Honduras,2019,5.93,8.652999999999999,0.797,67.4,0.846,0.063,0.815
Hong Kong S.A.R. of China,2011,5.474,10.887,0.846,,0.894,0.235,0.245
Hong Kong S.A.R. of China,2012,5.484,10.893,0.826,,0.88,0.222,0.38
Hong Kong S.A.R. of China,2014,5.457999999999998,10.94,0.8340000000000001,,0.843,0.224,0.423
Hong Kong S.A.R. of China,2016,5.497999999999998,10.97,0.8320000000000001,,0.8,0.1,0.403
Hong Kong S.A.R. of China,2017,5.362,11.0,0.831,,0.831,0.14,0.416
Hong Kong S.A.R. of China,2019,5.659,11.0,0.856,,0.727,0.067,0.4320000000000001
Hong Kong S.A.R. of China,2020,5.295,,0.813,,0.705,,0.38
Hungary,2011,4.918,10.127,0.894,65.76,0.631,-0.08900000000000001,0.94
Hungary,2012,4.683,10.117,0.906,65.92,0.569,-0.136,0.93
Hungary,2013,4.914,10.14,0.877,66.08,0.674,-0.113,0.912
Hungary,2014,5.181,10.183,0.845,66.24,0.494,-0.15,0.855
Hungary,2015,5.3439999999999985,10.223,0.8590000000000001,66.4,0.5579999999999999,-0.198,0.908
Hungary,2016,5.449,10.248,0.9,66.8,0.5539999999999999,-0.187,0.924
Hungary,2017,6.065,10.293,0.877,67.2,0.6609999999999999,-0.139,0.8859999999999999
Hungary,2018,5.936,10.344,0.941,67.6,0.693,-0.243,0.911
Hungary,2019,6.0,10.393,0.947,68.0,0.7979999999999999,-0.195,0.884
Hungary,2020,6.0379999999999985,10.335,0.943,68.4,0.7709999999999999,-0.12,0.836
Iceland,2012,7.591,10.777,0.979,72.76,0.905,0.241,0.759
Iceland,2013,7.501,10.809,0.967,72.84,0.923,0.306,0.713
Iceland,2015,7.497999999999998,10.854,0.98,73.0,0.94,0.301,0.639
Iceland,2016,7.51,10.904000000000002,0.985,73.0,0.952,0.281,0.7190000000000001
Iceland,2017,7.476,10.925,0.967,73.0,0.939,0.246,0.727
Iceland,2019,7.532999999999999,10.931,0.982,73.0,0.959,,0.6990000000000001
Iceland,2020,7.575,10.824000000000002,0.983,73.0,0.949,0.16,0.644
India,2011,4.635,8.387,0.5529999999999999,57.7,0.838,-0.038,0.908
India,2012,4.72,8.427999999999999,0.511,58.0,0.609,0.067,0.83
India,2013,4.428,8.478,0.5529999999999999,58.3,0.74,0.084,0.8320000000000001
India,2014,4.424,8.538,0.621,58.6,0.809,-0.026,0.8320000000000001
India,2015,4.342,8.604,0.61,58.9,0.777,-0.005,0.7759999999999999
India,2016,4.1789999999999985,8.673,0.614,59.3,0.82,0.046,0.765
India,2017,4.046,8.73,0.607,59.7,0.8859999999999999,-0.042,0.7809999999999999
India,2018,3.818,8.779,0.638,60.1,0.89,0.085,0.805
India,2019,3.249,8.818,0.561,60.5,0.8759999999999999,0.112,0.752
India,2020,4.225,8.703,0.617,60.9,0.906,0.075,0.78
Indonesia,2011,5.172999999999999,9.069,0.825,60.62,0.878,0.438,0.962
Indonesia,2012,5.3679999999999986,9.114,0.8340000000000001,60.84,0.77,0.354,0.962
Indonesia,2013,5.292000000000002,9.155,0.794,61.06,0.7809999999999999,0.376,0.973
Indonesia,2014,5.597,9.19,0.905,61.28,0.7190000000000001,0.408,0.97
Indonesia,2015,5.043,9.225,0.809,61.5,0.779,0.471,0.946
Indonesia,2016,5.136,9.262,0.792,61.7,0.83,0.5,0.89
Indonesia,2017,5.098,9.3,0.7959999999999999,61.9,0.865,0.488,0.9
Indonesia,2018,5.34,9.339,0.809,62.1,0.879,0.512,0.868
Indonesia,2019,5.347,9.377,0.802,62.3,0.866,0.555,0.861
Iran,2011,4.768,9.547,0.5820000000000001,64.14,0.7979999999999999,0.2,0.665
Iran,2012,4.609,9.458,0.6,64.38,0.764,,0.6779999999999999
Iran,2013,5.14,9.443,0.664,64.62,0.73,0.21600000000000005,0.685
Iran,2014,4.682,9.476,0.644,64.86,0.767,0.241,0.64
Iran,2015,4.75,9.449,0.5720000000000001,65.1,0.78,0.17600000000000002,0.6990000000000001
Iran,2016,4.6530000000000005,9.561,0.5660000000000001,65.4,0.773,0.18600000000000005,0.713
Iran,2017,4.717,9.584,0.7140000000000001,65.7,0.731,0.218,0.715
Iran,2018,4.2780000000000005,,0.674,66.0,0.603,,0.703
Iran,2019,5.006,,0.698,66.3,0.623,,0.728
Iran,2020,4.865,,0.757,66.6,0.6,,0.71
Iraq,2011,4.725,9.152,0.7509999999999999,59.36,0.34700000000000003,-0.07,0.78
Iraq,2012,4.66,9.246,0.73,59.12,0.315,-0.02,0.789
Iraq,2013,4.725,9.28,0.728,58.88,,-0.05,0.71
Iraq,2014,4.542,9.25,0.725,58.64,0.6459999999999999,-0.001,0.726
Iraq,2015,4.493,9.241,0.684,58.4,0.599,0.019,0.762
Iraq,2016,4.413,9.354,0.7190000000000001,59.0,0.6659999999999999,-0.052000000000000005,0.799
Iraq,2017,4.462,9.303,0.695,59.6,0.628,0.0,0.757
Iraq,2018,4.886,9.274,0.764,60.2,0.598,-0.068,0.887
Iraq,2020,4.785,9.167,0.708,61.4,0.7,-0.021,0.8490000000000001
Ireland,2011,7.0070000000000014,10.878,0.977,71.6,0.952,0.383,0.59
Ireland,2012,6.965,10.876,0.962,71.7,0.902,0.302,0.573
Ireland,2013,6.76,10.884,0.955,71.8,0.884,0.331,0.5579999999999999
Ireland,2014,7.018,10.959,0.968,71.9,0.922,0.264,0.406
Ireland,2015,6.83,11.174,0.953,72.0,0.892,0.233,0.409
Ireland,2016,7.041,11.199000000000002,0.958,72.1,0.875,0.174,0.399
Ireland,2017,7.06,11.265999999999998,0.943,72.2,0.905,0.21600000000000005,0.337
Ireland,2018,6.9620000000000015,11.332,0.938,72.3,0.861,0.14400000000000002,0.362
Ireland,2019,7.255,11.371,0.944,72.4,0.892,0.07400000000000001,0.373
Ireland,2020,7.035,11.323,0.96,72.5,0.882,0.014,0.35600000000000004
Israel,2011,7.433,10.489,0.893,72.46,0.722,0.141,0.8909999999999999
Israel,2012,7.1110000000000015,10.493,0.903,72.52,0.6809999999999999,0.153,0.862
Israel,2013,7.3210000000000015,10.515,0.909,72.58,0.7390000000000001,0.15,0.8490000000000001
Israel,2014,7.401,10.533,0.889,72.64,0.7070000000000001,0.094,0.818
Israel,2015,7.079,10.536,0.8640000000000001,72.7,0.753,0.108,0.789
Israel,2016,7.159,10.555,0.89,72.9,0.772,0.153,0.804
Israel,2017,7.331,10.57,0.916,73.1,0.768,0.145,0.7929999999999999
Israel,2018,6.9270000000000005,10.585,0.91,73.3,0.725,0.055,0.77
Israel,2019,7.332000000000002,10.601,0.946,73.5,0.8340000000000001,0.085,0.743
Israel,2020,7.195,10.538,0.959,73.7,0.831,-0.049,0.748
Italy,2011,6.057,10.671,0.913,72.84,0.568,-0.018000000000000002,0.933
Italy,2012,5.839,10.638,0.8690000000000001,72.88,0.57,0.113,0.908
Italy,2013,6.009,10.608,0.916,72.92,0.499,-0.102,0.943
Italy,2014,6.027,10.599,0.898,72.96,0.624,-0.065,0.92
Italy,2015,5.848,10.608,0.909,73.0,0.575,-0.064,0.913
Italy,2016,5.955,10.622,0.927,73.2,0.624,-0.081,0.903
Italy,2017,6.199,10.64,0.92,73.4,0.633,-0.035,0.867
Italy,2018,6.517,10.65,0.913,73.6,0.65,-0.021,0.888
Italy,2019,6.445,10.655,0.838,73.8,0.7090000000000001,-0.08199999999999999,0.866
Italy,2020,6.488,10.563,0.89,74.0,0.718,-0.15,0.8440000000000001
Ivory Coast,2013,3.739,8.274,0.7090000000000001,47.1,0.7390000000000001,-0.031,0.691
Ivory Coast,2014,3.57,8.334,0.711,47.4,0.7809999999999999,-0.08,0.6709999999999999
Ivory Coast,2015,4.445,8.392999999999999,0.7040000000000001,47.7,0.8,-0.053,0.7440000000000001
Ivory Coast,2016,4.543,8.437000000000001,0.617,48.3,0.769,-0.043,0.757
Ivory Coast,2017,5.038,8.482999999999999,0.6609999999999999,48.9,0.732,-0.111,0.7709999999999999
Ivory Coast,2018,5.268,8.523,0.621,49.5,0.713,-0.05,0.7909999999999999
Ivory Coast,2019,5.392,8.564,0.679,50.1,0.736,-0.017,0.799
Ivory Coast,2020,5.2570000000000014,8.565,0.613,50.7,0.77,0.016,0.777
Jamaica,2011,5.374,9.164,0.855,66.22,0.7959999999999999,-0.064,0.909
Jamaica,2013,5.709,9.151,0.865,66.46,0.7929999999999999,-0.021,0.931
Jamaica,2014,5.311,9.152,0.8740000000000001,66.58,0.809,-0.001,0.861
Jamaica,2017,5.89,9.169,0.913,67.1,0.861,-0.13,0.883
Jamaica,2019,6.309,9.186,0.878,67.5,0.8909999999999999,-0.13699999999999998,0.885
Japan,2011,6.263,10.532,0.917,73.98,0.8140000000000001,-0.052000000000000005,0.7340000000000001
Japan,2012,5.968,10.549,0.905,74.16,0.753,,0.6920000000000001
Japan,2013,5.959,10.57,0.924,74.34,0.821,-0.147,0.65
Japan,2014,5.922999999999999,10.575,0.9,74.52,0.838,-0.139,0.617
Japan,2015,5.88,10.588,0.923,74.7,0.8320000000000001,-0.155,0.654
Japan,2016,5.955,10.595,0.9,74.8,0.836,-0.062,0.698
Japan,2017,5.9110000000000005,10.618,0.882,74.9,0.8490000000000001,-0.206,0.659
Japan,2018,5.794,10.623,0.8859999999999999,75.0,0.773,-0.261,0.687
Japan,2019,5.908,10.632,0.878,75.1,0.8059999999999999,-0.255,0.617
Japan,2020,6.1179999999999986,10.58,0.887,75.2,0.8059999999999999,-0.259,0.609
Jordan,2011,5.539,9.289,0.878,65.0,0.76,-0.14300000000000002,
Jordan,2012,5.1320000000000014,9.261,0.8290000000000001,65.3,0.693,-0.16,
Jordan,2013,5.1720000000000015,9.237,0.84,65.6,0.6920000000000001,-0.117,
Jordan,2014,5.332999999999998,9.222,0.816,65.9,0.7290000000000001,-0.104,
Jordan,2015,5.405,9.207,0.83,66.2,0.767,-0.046,
Jordan,2016,5.271,9.197,0.82,66.4,0.7709999999999999,-0.038,
Jordan,2017,4.808,9.194,0.815,66.6,0.7659999999999999,-0.152,
Jordan,2018,4.6389999999999985,9.196,0.8,66.8,0.762,-0.18600000000000005,
Jordan,2019,4.453,9.201,0.7929999999999999,67.0,0.726,-0.165,
Jordan,2020,4.0939999999999985,9.15,0.7090000000000001,67.2,0.779,-0.15,
Kazakhstan,2011,5.7360000000000015,9.997,0.905,60.72,0.878,-0.235,0.802
Kazakhstan,2012,5.759,10.03,0.892,61.24,0.84,-0.171,0.877
Kazakhstan,2013,5.835,10.074,0.889,61.76,0.782,-0.229,0.82
Kazakhstan,2014,5.97,10.101,0.795,62.28,0.799,0.004,0.805
Kazakhstan,2015,5.95,10.098,0.931,62.8,0.74,-0.037000000000000005,0.7140000000000001
Kazakhstan,2016,5.534,10.095,0.928,63.4,0.7829999999999999,-0.036000000000000004,0.7020000000000001
Kazakhstan,2017,5.8820000000000014,10.121,0.914,64.0,0.745,-0.035,0.755
Kazakhstan,2018,6.007999999999999,10.148,0.937,64.6,0.84,-0.098,0.8240000000000001
Kazakhstan,2019,6.272,10.179,0.951,65.2,0.852,-0.055,0.708
Kazakhstan,2020,6.167999999999998,10.135,0.966,65.8,0.872,-0.056,0.6609999999999999
Kenya,2011,4.405,8.142999999999999,0.846,56.06,0.7090000000000001,0.022,0.923
Kenya,2012,4.547,8.161,0.831,56.62,0.628,0.066,0.911
Kenya,2013,3.795,8.192,0.825,57.18,0.708,0.212,0.861
Kenya,2014,4.905,8.219,0.765,57.74,0.8190000000000001,0.172,0.8490000000000001
Kenya,2015,4.3580000000000005,8.249,0.777,58.3,0.7929999999999999,0.221,0.853
Kenya,2016,4.396,8.282,0.706,58.9,0.7490000000000001,0.298,0.828
Kenya,2017,4.476,8.306000000000001,0.715,59.5,0.853,0.234,0.8540000000000001
Kenya,2018,4.6560000000000015,8.344,0.7070000000000001,60.1,0.821,0.29100000000000004,0.8440000000000001
Kenya,2019,4.619,8.373,0.6759999999999999,60.7,0.818,0.31,0.794
Kenya,2020,4.547,8.365,0.674,61.3,0.7020000000000001,0.26,0.8370000000000001
Kosovo,2011,4.86,9.067,0.759,,0.589,0.004,0.919
Kosovo,2012,5.64,9.086,0.757,,0.636,0.027000000000000003,0.95
Kosovo,2013,6.126,9.113,0.721,,0.568,0.115,0.935
Kosovo,2014,5.0,9.129,0.706,,0.441,0.012,0.775
Kosovo,2015,5.077,9.182,0.805,,0.561,0.181,0.851
Kosovo,2016,5.759,9.228,0.8240000000000001,,0.8270000000000001,0.125,0.941
Kosovo,2017,6.149,9.262,0.792,,0.858,0.117,0.925
Kosovo,2018,6.392,9.296,0.8220000000000001,,0.89,0.269,0.922
Kosovo,2019,6.425,9.339,0.843,,0.841,0.247,0.92
Kosovo,2020,6.294,,0.792,,0.88,,0.91
Kuwait,2011,6.377999999999999,11.017,0.882,64.9,0.769,,0.56
Kuwait,2012,6.221,11.025,0.889,65.2,0.934,,
Kuwait,2013,6.48,10.985,0.862,65.5,0.7509999999999999,,
Kuwait,2014,6.18,10.945,,65.8,,,
Kuwait,2015,6.146,10.912,0.823,66.1,0.8220000000000001,0.08199999999999999,
Kuwait,2016,5.947,10.91,0.845,66.3,0.841,-0.075,
Kuwait,2017,6.0939999999999985,10.837,0.853,66.5,0.884,-0.005,
Kuwait,2019,6.106,10.817,0.8420000000000001,66.9,0.867,-0.104,
Kyrgyzstan,2011,4.921,8.374,0.8909999999999999,61.52,0.748,-0.155,0.932
Kyrgyzstan,2012,5.207999999999998,8.357000000000001,0.856,61.94,0.703,-0.079,0.892
Kyrgyzstan,2013,5.402,8.441,0.851,62.36,0.755,-0.085,0.9
Kyrgyzstan,2014,5.252000000000002,8.46,0.898,62.78,0.736,0.355,0.897
Kyrgyzstan,2015,4.905,8.477,0.857,63.2,0.813,0.2,0.858
Kyrgyzstan,2016,4.857,8.5,0.914,63.5,0.8140000000000001,0.056,0.917
Kyrgyzstan,2017,5.63,8.526,0.883,63.8,0.8590000000000001,0.14300000000000002,0.8740000000000001
Kyrgyzstan,2018,5.2970000000000015,8.543,0.898,64.1,0.945,0.267,0.907
Kyrgyzstan,2019,5.685,8.567,0.877,64.4,0.92,-0.002,0.885
Kyrgyzstan,2020,6.25,8.503,0.902,64.7,0.935,0.103,0.931
Laos,2011,4.704,8.548,0.691,56.3,0.882,0.459,0.5870000000000001
Laos,2012,4.876,8.611,0.693,56.6,,0.232,
Laos,2017,4.623,8.89,0.7070000000000001,58.3,0.8909999999999999,0.073,0.5920000000000001
Laos,2018,4.859,8.935,0.705,58.7,0.907,0.141,0.634
Laos,2019,5.197,8.965,0.7290000000000001,59.1,0.906,0.061,0.62
Laos,2020,5.284,8.96,0.66,59.5,0.915,0.141,0.748
Latvia,2011,4.967,10.029,0.836,64.86,0.564,-0.002,0.934
Latvia,2012,5.125,10.082,0.851,65.12,0.564,-0.038,0.895
Latvia,2013,5.07,10.116,0.8340000000000001,65.38,0.631,-0.073,0.8370000000000001
Latvia,2014,5.729,10.144,0.8809999999999999,65.64,0.6709999999999999,-0.043,0.804
Latvia,2015,5.881,10.185,0.879,65.9,0.6559999999999999,-0.077,0.8079999999999999
Latvia,2016,5.94,10.211,0.917,66.2,0.685,-0.156,0.868
Latvia,2017,5.978,10.257,0.895,66.5,0.7,-0.154,0.7979999999999999
Latvia,2018,5.901,10.307,0.913,66.8,0.608,-0.212,0.799
Latvia,2019,5.97,10.336,0.936,67.1,0.698,-0.194,0.789
Latvia,2020,6.229,10.3,0.928,67.4,0.82,-0.078,0.809
Lebanon,2011,5.188,9.838,0.733,65.28,0.657,0.006,0.911
Lebanon,2012,4.573,9.8,0.713,65.36,0.621,-0.006,0.856
Lebanon,2013,4.9830000000000005,9.772,0.708,65.44,0.655,-0.004,0.921
Lebanon,2014,5.233,9.739,0.759,65.52,0.657,-0.012,0.939
Lebanon,2015,5.1720000000000015,9.699,0.742,65.6,0.597,0.073,0.889
Lebanon,2016,5.271,9.687,0.828,66.1,0.657,0.031,0.853
Lebanon,2017,5.154,9.681,0.777,66.6,0.605,-0.07400000000000001,0.911
Lebanon,2018,5.167000000000002,9.656,0.8290000000000001,67.1,0.607,-0.066,0.907
Lebanon,2019,4.024,9.597,0.866,67.6,0.447,-0.081,0.89
Lesotho,2011,4.898,7.777,0.8240000000000001,45.74,0.618,-0.087,0.768
Lesotho,2016,3.808,7.9529999999999985,0.7979999999999999,46.6,0.7290000000000001,-0.099,0.743
Lesotho,2017,3.795,7.931,0.769,47.3,0.757,-0.145,0.797
Lesotho,2019,3.512,7.926,0.79,48.7,0.716,-0.131,0.915
Liberia,2014,4.5710000000000015,7.391,0.708,53.28,0.59,-0.03,0.8690000000000001
Liberia,2015,2.702,7.365,0.638,53.7,0.6709999999999999,-0.061,0.903
Liberia,2016,3.355,7.324,0.643,54.5,0.763,0.033,0.901
Liberia,2017,4.424,7.324,0.685,55.3,0.733,-0.012,0.867
Liberia,2018,4.135,7.311,0.727,56.1,0.7659999999999999,0.05,0.868
Liberia,2019,5.121,7.2639999999999985,0.7120000000000001,56.9,0.706,0.051,0.828
Libya,2012,5.754,9.842,0.855,62.66,0.7120000000000001,-0.032,0.7909999999999999
Libya,2015,5.615,9.308,0.868,62.3,0.775,-0.044,
Libya,2016,5.434,9.268,0.8759999999999999,62.3,0.8220000000000001,-0.08900000000000001,
Libya,2017,5.647,9.491,0.823,62.3,0.779,-0.019,0.6729999999999999
Libya,2018,5.494,9.617,0.8240000000000001,62.3,0.7809999999999999,-0.101,0.6459999999999999
Libya,2019,5.33,9.627,0.8270000000000001,62.3,0.762,-0.073,0.6859999999999999
Lithuania,2011,5.432,10.167,0.911,64.7,0.5660000000000001,-0.14800000000000002,0.964
Lithuania,2012,5.771,10.218,0.919,64.9,0.503,-0.273,0.957
Lithuania,2013,5.596,10.263,0.913,65.1,0.556,-0.237,0.936
Lithuania,2014,6.126,10.306,0.908,65.3,0.508,-0.263,0.956
Lithuania,2015,5.711,10.335,0.929,65.5,0.6409999999999999,-0.254,0.924
Lithuania,2016,5.8660000000000005,10.373,0.938,66.1,0.614,-0.266,0.949
Lithuania,2017,6.273,10.429,0.926,66.7,0.7490000000000001,-0.174,0.79
Lithuania,2018,6.309,10.474,0.929,67.3,0.6990000000000001,-0.237,0.852
Lithuania,2019,6.064,10.518,0.918,67.9,0.78,-0.251,0.7829999999999999
Lithuania,2020,6.391,10.504,0.953,68.5,0.8240000000000001,-0.122,0.8290000000000001
Luxembourg,2011,7.101,11.595,0.934,71.88,0.962,0.106,0.388
Luxembourg,2012,6.964,11.567,0.914,72.06,0.917,0.059,0.403
Luxembourg,2013,7.131,11.58,0.917,72.24,0.79,-0.054000000000000006,0.301
Luxembourg,2014,6.891,11.598,0.875,72.42,0.938,0.106,0.366
Luxembourg,2015,6.702000000000001,11.617,0.934,72.6,0.932,0.052000000000000005,0.375
Luxembourg,2016,6.9670000000000005,11.64,0.941,72.6,0.882,0.019,0.35600000000000004
Luxembourg,2017,7.061,11.634,0.905,72.6,0.903,0.044,0.33
Luxembourg,2018,7.2429999999999986,11.645,0.902,72.6,0.884,-0.022,0.385
Luxembourg,2019,7.404,11.648,0.912,72.6,0.93,-0.045,0.39
Madagascar,2011,4.381,7.336,0.818,56.22,0.546,-0.062,0.897
Madagascar,2012,3.551,7.338999999999999,0.6729999999999999,56.64,0.487,-0.055,0.8540000000000001
Madagascar,2013,3.816,7.334,0.6729999999999999,57.06,0.48,-0.019,0.868
Madagascar,2014,3.676,7.34,0.655,57.48,0.529,-0.023,0.7909999999999999
Madagascar,2015,3.593,7.3439999999999985,0.647,57.9,0.545,-0.041,0.861
Madagascar,2016,3.663,7.356,0.746,58.3,0.57,-0.069,0.8640000000000001
Madagascar,2017,4.079,7.3679999999999986,0.626,58.7,0.57,-0.033,0.847
Madagascar,2018,4.0710000000000015,7.386,0.6659999999999999,59.1,0.551,0.003,0.889
Madagascar,2019,4.339,7.4060000000000015,0.701,59.5,0.55,-0.012,0.72
Malawi,2011,3.946,6.895,0.613,51.42,0.733,0.099,0.853
Malawi,2012,4.279,6.885,0.604,52.44,0.637,0.16899999999999998,0.8859999999999999
Malawi,2013,4.035,6.907,0.563,53.46,0.752,0.078,0.857
Malawi,2014,4.563,6.935,0.512,54.48,0.7859999999999999,0.061,0.8240000000000001
Malawi,2015,3.868,6.935,0.494,55.5,0.8009999999999999,0.058,0.835
Malawi,2016,3.4760000000000004,6.932,0.524,56.2,0.81,0.066,0.8240000000000001
Malawi,2017,3.417,6.945,0.555,56.9,0.848,0.025,0.735
Malawi,2018,3.335,6.949,0.528,57.6,0.799,0.073,0.7659999999999999
Malawi,2019,3.869,6.966,0.5489999999999999,58.3,0.765,0.004,0.68
Malaysia,2011,5.7860000000000005,9.966,0.77,65.76,0.84,-0.016,0.8420000000000001
Malaysia,2012,5.914,10.005,0.841,65.92,0.848,0.017,0.847
Malaysia,2013,5.77,10.037,0.831,66.08,0.7909999999999999,0.264,0.755
Malaysia,2014,5.962999999999999,10.082,0.863,66.24,0.8079999999999999,0.239,0.845
Malaysia,2015,6.322,10.118,0.818,66.4,0.675,0.222,0.838
Malaysia,2018,5.339,10.223,0.789,67.0,0.875,0.127,0.894
Malaysia,2019,5.428,10.252,0.8420000000000001,67.2,0.916,0.123,0.782
Maldives,2018,5.198,9.826,0.913,70.6,0.855,0.024,
Mali,2011,4.667,7.643,0.7959999999999999,48.76,0.823,-0.101,0.726
Mali,2012,4.313,7.605,0.823,49.12,0.7040000000000001,-0.08800000000000001,0.787
Mali,2013,3.676,7.599,0.82,49.48,0.665,-0.053,0.755
Mali,2014,3.975,7.638,0.843,49.84,0.652,-0.037000000000000005,0.6579999999999999
Mali,2015,4.582,7.669,0.83,50.2,0.634,-0.068,0.8
Mali,2016,4.016,7.695,0.836,50.7,0.696,-0.07,0.862
Mali,2017,4.742,7.718,0.741,51.2,0.753,-0.069,0.863
Mali,2018,4.416,7.733,0.6920000000000001,51.7,0.737,-0.034,0.7929999999999999
Mali,2019,4.988,7.752000000000002,0.755,52.2,0.67,-0.038,0.846
Malta,2011,6.155,10.37,0.923,71.72,0.882,0.29600000000000004,
Malta,2012,5.962999999999999,10.389,0.922,71.84,0.861,0.35200000000000004,
Malta,2013,6.38,10.422,0.942,71.96,0.909,0.41,
Malta,2014,6.452000000000001,10.486,0.941,72.08,0.904,0.404,0.67
Malta,2015,6.613,10.566,0.919,72.2,0.912,0.34700000000000003,0.664
Malta,2016,6.591,10.599,0.93,72.2,0.916,0.345,0.696
Malta,2017,6.676,10.635,0.937,72.2,0.924,0.253,0.69
Malta,2018,6.91,10.67,0.932,72.2,0.927,0.179,0.595
Malta,2019,6.733,10.677,0.922,72.2,0.924,0.087,0.6890000000000001
Malta,2020,6.157,,0.938,72.2,0.931,,0.675
Mauritania,2011,4.785,8.481,0.75,54.82,0.5670000000000001,0.052000000000000005,0.747
Mauritania,2012,4.673,8.495,0.763,55.14,0.487,-0.021,0.7070000000000001
Mauritania,2013,4.199,8.506,0.741,55.46,0.603,-0.079,0.6759999999999999
Mauritania,2014,4.4830000000000005,8.519,0.853,55.78,0.468,-0.054000000000000006,0.589
Mauritania,2015,3.923,8.542,0.875,56.1,0.447,0.055,0.715
Mauritania,2016,4.472,8.526,0.785,56.4,0.467,-0.175,0.8420000000000001
Mauritania,2017,4.678,8.533,0.779,56.7,0.527,-0.153,0.777
Mauritania,2018,4.314,8.526,0.802,57.0,0.467,-0.112,0.711
Mauritania,2019,4.1530000000000005,8.556000000000001,0.7979999999999999,57.3,0.628,-0.102,0.743
Mauritius,2011,5.477,9.767,0.8,64.7,0.848,0.191,0.847
Mauritius,2014,5.648,9.865,0.785,65.3,0.8240000000000001,0.17600000000000002,0.879
Mauritius,2016,5.61,9.935,0.836,65.8,0.8190000000000001,0.139,0.8909999999999999
Mauritius,2017,6.174,9.972,0.91,66.1,0.912,0.087,0.818
Mauritius,2018,5.8820000000000014,10.008,0.909,66.4,0.867,-0.073,0.785
Mauritius,2019,6.2410000000000005,10.043,0.913,66.7,0.893,-0.053,0.81
Mauritius,2020,6.015,9.972,0.893,67.0,0.843,-0.037000000000000005,0.772
Mexico,2011,6.91,9.81,0.8240000000000001,66.68,0.831,-0.099,0.698
Mexico,2012,7.32,9.832,0.767,66.86,0.7879999999999999,-0.093,0.633
Mexico,2013,7.443,9.832,0.759,67.04,0.7390000000000001,-0.165,0.615
Mexico,2014,6.68,9.847,0.782,67.22,0.779,-0.094,0.63
Mexico,2015,6.2360000000000015,9.867,0.7609999999999999,67.4,0.7190000000000001,-0.152,0.708
Mexico,2016,6.824,9.884,0.893,67.7,0.752,-0.153,0.809
Mexico,2017,6.41,9.893,0.8,68.0,0.861,-0.202,0.8009999999999999
Mexico,2018,6.55,9.903,0.858,68.3,0.816,-0.179,0.809
Mexico,2019,6.432,9.891,0.852,68.6,0.903,-0.141,0.809
Mexico,2020,5.964,9.782,0.779,68.9,0.873,-0.119,0.778
Moldova,2011,5.792000000000002,9.111,0.8690000000000001,61.62,0.628,-0.08199999999999999,0.957
Moldova,2012,5.996,9.105,0.826,61.94,0.602,-0.05,0.955
Moldova,2013,5.756,9.192,0.8029999999999999,62.26,0.6579999999999999,-0.069,0.941
Moldova,2014,5.917000000000002,9.241,0.805,62.58,0.623,-0.113,0.925
Moldova,2015,6.017,9.246,0.84,62.9,0.595,-0.09,0.943
Moldova,2016,5.5779999999999985,9.3,0.8370000000000001,63.6,0.557,-0.047,0.969
Moldova,2017,5.3260000000000005,9.363,0.831,64.3,0.5529999999999999,-0.053,0.926
Moldova,2018,5.682,9.423,0.892,65.0,0.8240000000000001,-0.084,0.929
Moldova,2019,5.803,9.475,0.809,65.7,0.784,-0.092,0.884
Moldova,2020,5.812,9.462,0.8740000000000001,66.4,0.8590000000000001,-0.058,0.941
Mongolia,2011,5.0310000000000015,9.061,0.948,60.5,0.7,0.151,0.931
Mongolia,2012,4.885,9.158,0.919,60.8,0.688,0.107,0.932
Mongolia,2013,4.913,9.248,0.935,61.1,0.748,0.136,0.928
Mongolia,2014,4.825,9.304,0.943,61.4,0.752,0.146,0.909
Mongolia,2015,4.9830000000000005,9.308,0.906,61.7,0.6859999999999999,0.173,0.9
Mongolia,2016,5.057,9.3,0.947,61.9,0.76,0.09,0.9
Mongolia,2017,5.334,9.334,0.924,62.1,0.675,0.119,0.865
Mongolia,2018,5.465,9.386,0.942,62.3,0.696,0.054000000000000006,0.8490000000000001
Mongolia,2019,5.563,9.418,0.946,62.5,0.711,0.149,0.873
Mongolia,2020,6.011,9.396,0.918,62.7,0.718,0.141,0.843
Montenegro,2011,5.223,9.755,0.818,67.26,0.546,-0.226,0.762
Montenegro,2012,5.2189999999999985,9.726,0.7040000000000001,67.42,0.462,-0.192,0.755
Montenegro,2013,5.074,9.76,0.736,67.58,0.502,-0.17600000000000002,0.693
Montenegro,2014,5.283,9.777,0.863,67.74,0.503,0.097,0.768
Montenegro,2015,5.125,9.81,0.74,67.9,0.583,-0.14400000000000002,0.7809999999999999
Montenegro,2016,5.3039999999999985,9.839,0.866,68.1,0.569,-0.087,0.8490000000000001
Montenegro,2017,5.615,9.885,0.8809999999999999,68.3,0.626,-0.083,0.7559999999999999
Montenegro,2018,5.65,9.934,0.856,68.5,0.626,-0.051,0.769
Montenegro,2019,5.386,9.97,0.8320000000000001,68.7,0.6940000000000001,-0.105,0.82
Montenegro,2020,5.722,9.913,0.887,68.9,0.802,0.06,0.845
Morocco,2011,5.085,8.783,0.833,63.8,0.579,-0.218,0.875
Morocco,2012,4.97,8.799,0.6759999999999999,64.1,0.757,-0.187,0.845
Morocco,2013,5.142,8.829,0.597,64.4,0.5720000000000001,-0.21,0.7709999999999999
Morocco,2015,5.1629999999999985,8.872,0.606,65.0,0.713,-0.228,0.8420000000000001
Morocco,2016,5.386,8.869,0.655,65.3,0.8170000000000001,-0.237,0.7170000000000001
Morocco,2017,5.312,8.898,0.6409999999999999,65.6,0.8140000000000001,-0.21600000000000005,0.841
Morocco,2018,4.897,8.914,0.5539999999999999,65.9,0.773,-0.234,0.843
Morocco,2019,5.057,8.925,0.535,66.2,0.757,-0.244,0.757
Morocco,2020,4.803,8.871,0.5529999999999999,66.5,0.8190000000000001,-0.229,0.8029999999999999
Mozambique,2011,4.971,6.979,0.818,48.32,0.639,-0.024,0.7190000000000001
Mozambique,2015,4.55,7.141,0.6659999999999999,51.2,0.813,0.08900000000000001,0.632
Mozambique,2017,4.28,7.157,0.6779999999999999,53.2,0.823,-0.03,0.682
Mozambique,2018,4.654,7.162000000000001,0.738,54.2,0.897,0.049,0.691
Mozambique,2019,4.932,7.155,0.742,55.2,0.87,0.073,0.682
Myanmar,2012,4.439,8.158,0.612,57.02,0.691,0.645,0.695
Myanmar,2013,4.176,8.23,0.757,57.38,0.775,0.6890000000000001,0.638
Myanmar,2014,4.7860000000000005,8.299,0.774,57.74,,0.698,0.5920000000000001
Myanmar,2015,4.224,8.359,0.752,58.1,0.8079999999999999,0.688,0.633
Myanmar,2016,4.623,8.408,0.7929999999999999,58.4,0.877,0.679,0.607
Myanmar,2017,4.154,8.464,0.795,58.7,0.8859999999999999,0.65,0.619
Myanmar,2018,4.4110000000000005,8.523,0.774,59.0,0.906,0.49,0.647
Myanmar,2019,4.434,8.545,0.763,59.3,0.899,0.561,0.682
Myanmar,2020,4.431,8.554,0.7959999999999999,59.6,0.825,0.47,0.647
Namibia,2014,4.574,9.232,0.763,55.16,0.8490000000000001,-0.183,0.79
Namibia,2017,4.441,9.215,0.828,56.2,0.81,-0.19,0.831
Namibia,2018,4.834,9.204,0.8640000000000001,56.5,0.754,-0.16899999999999998,0.846
Namibia,2019,4.436,9.173,0.845,56.8,0.7390000000000001,-0.174,0.879
Namibia,2020,4.4510000000000005,9.104,0.741,57.1,0.6659999999999999,-0.104,0.81
Nepal,2011,3.809,7.7970000000000015,0.741,59.4,0.525,-0.01,0.935
Nepal,2012,4.2330000000000005,7.846,0.7340000000000001,59.6,0.638,0.07,0.883
Nepal,2013,4.605,7.8889999999999985,0.74,59.8,0.722,0.151,0.877
Nepal,2014,4.975,7.947999999999999,0.7859999999999999,60.0,0.7120000000000001,0.121,0.841
Nepal,2015,4.812,7.976,0.748,60.2,0.763,0.227,0.8240000000000001
Nepal,2016,5.1,7.973,0.8370000000000001,61.3,0.8390000000000001,0.168,0.8170000000000001
Nepal,2017,4.737,8.039,0.816,62.4,0.845,0.134,0.77
Nepal,2018,4.91,8.087,0.768,63.5,0.77,0.122,0.742
Nepal,2019,5.449,8.136000000000001,0.772,64.6,0.79,0.16699999999999998,0.7120000000000001
Netherlands,2011,7.564,10.875,0.938,71.52,0.925,0.336,0.359
Netherlands,2012,7.471,10.861,0.939,71.64,0.877,0.28800000000000003,0.434
Netherlands,2013,7.407,10.857,0.925,71.76,0.919,0.305,0.505
Netherlands,2014,7.3210000000000015,10.867,0.909,71.88,0.91,0.331,0.457
Netherlands,2015,7.324,10.882,0.879,72.0,0.904,0.261,0.412
Netherlands,2016,7.541,10.899,0.926,72.1,0.907,0.239,0.433
Netherlands,2017,7.459,10.921,0.937,72.2,0.92,0.25,0.363
Netherlands,2018,7.462999999999999,10.941,0.939,72.3,0.92,0.161,0.371
Netherlands,2019,7.425,10.953,0.941,72.4,0.8859999999999999,0.213,0.36
Netherlands,2020,7.504,10.901,0.944,72.5,0.935,0.151,0.281
New Zealand,2011,7.191,10.536,0.954,72.12,0.935,0.284,0.269
New Zealand,2012,7.25,10.553,0.93,72.24,0.902,0.287,0.289
New Zealand,2013,7.28,10.571,0.958,72.36,0.944,0.237,0.312
New Zealand,2014,7.306,10.592,0.942,72.48,0.932,0.348,0.273
New Zealand,2015,7.417999999999998,10.608,0.987,72.6,0.942,0.329,0.18600000000000005
New Zealand,2016,7.226,10.623,0.937,72.8,0.927,0.266,0.278
New Zealand,2017,7.327000000000001,10.633,0.955,73.0,0.942,0.294,0.222
New Zealand,2018,7.37,10.66,0.954,73.2,0.949,0.12,0.207
New Zealand,2019,7.205,10.666,0.939,73.4,0.912,0.157,0.234
New Zealand,2020,7.2570000000000014,10.6,0.952,73.6,0.918,0.125,0.28300000000000003
Nicaragua,2011,5.386,8.484,0.8,65.72,0.779,-0.02,0.76
Nicaragua,2012,5.448,8.533999999999999,0.894,65.94,0.85,0.017,0.644
Nicaragua,2013,5.772,8.568999999999999,0.868,66.16,0.8590000000000001,0.039,0.636
Nicaragua,2014,6.275,8.602,0.8390000000000001,66.38,0.8170000000000001,0.104,0.6990000000000001
Nicaragua,2015,5.924,8.636000000000001,0.8270000000000001,66.6,0.809,0.077,0.728
Nicaragua,2016,6.013,8.668,0.853,66.9,0.7170000000000001,0.039,0.731
Nicaragua,2017,6.476,8.7,0.838,67.2,0.922,0.01,0.6729999999999999
Nicaragua,2018,5.819,8.647,0.8540000000000001,67.5,0.797,0.009000000000000001,0.713
Nicaragua,2019,6.113,8.595,0.8740000000000001,67.8,0.883,0.029,0.622
Niger,2011,4.556,6.925,0.818,49.92,0.78,-0.055,0.5489999999999999
Niger,2012,3.798,6.987,0.7,50.44,0.7340000000000001,-0.064,0.777
Niger,2013,3.716,7.002000000000002,0.696,50.96,0.825,-0.077,0.711
Niger,2014,4.181,7.027,0.753,51.48,0.688,-0.046,0.605
Niger,2015,3.671,7.03,0.713,52.0,0.728,-0.032,0.703
Niger,2016,4.235,7.0470000000000015,0.6829999999999999,52.5,0.7020000000000001,-0.016,0.8140000000000001
Niger,2017,4.6160000000000005,7.058,0.5820000000000001,53.0,0.684,-0.03,0.778
Niger,2018,5.164,7.0870000000000015,0.612,53.5,0.7909999999999999,0.009000000000000001,0.637
Niger,2019,5.004,7.106,0.677,54.0,0.831,0.026,0.7290000000000001
Nigeria,2012,5.4929999999999986,8.543,0.818,47.12,0.652,0.066,0.9
Nigeria,2013,4.8180000000000005,8.581,0.6629999999999999,47.58,0.622,0.051,0.905
Nigeria,2015,4.933,8.615,0.812,48.5,0.68,-0.035,0.926
Nigeria,2016,5.22,8.573,0.805,48.9,0.7979999999999999,0.043,0.905
Nigeria,2017,5.322,8.555,0.733,49.3,0.826,0.124,0.835
Nigeria,2018,5.252000000000002,8.548,0.741,49.7,0.79,-0.01,0.866
Nigeria,2019,4.356,8.544,0.7340000000000001,50.1,0.7290000000000001,0.032,0.873
Nigeria,2020,5.502999999999999,8.484,0.7390000000000001,50.5,0.713,0.099,0.913
North Cyprus,2012,5.462999999999999,,0.871,,0.693,,0.855
North Cyprus,2013,5.567,,0.8690000000000001,,0.775,,0.715
North Cyprus,2014,5.7860000000000005,,0.802,,0.83,,0.6920000000000001
North Cyprus,2015,5.843,,0.7909999999999999,,0.785,,0.659
North Cyprus,2016,5.827000000000001,,0.8079999999999999,,0.7959999999999999,,0.67
North Cyprus,2018,5.608,,0.8370000000000001,,0.797,,0.614
North Cyprus,2019,5.4670000000000005,,0.8029999999999999,,0.7929999999999999,,0.64
North Macedonia,2011,4.898,9.518,0.784,64.661,0.607,-0.087,0.865
North Macedonia,2012,4.64,9.513,0.7979999999999999,64.811,0.613,-0.084,0.92
North Macedonia,2013,5.186,9.541,0.8320000000000001,64.942,0.6409999999999999,0.025,0.861
North Macedonia,2014,5.204,9.576,0.7929999999999999,65.053,0.645,0.035,0.861
North Macedonia,2015,4.976,9.613,0.7659999999999999,65.145,0.66,-0.047,0.8240000000000001
North Macedonia,2016,5.346,9.64,0.871,65.225,0.706,0.08,0.87
North Macedonia,2017,5.234,9.65,0.8,65.303,0.752,-0.059,0.856
North Macedonia,2018,5.24,9.677,0.8490000000000001,65.389,0.745,-0.041,0.91
North Macedonia,2019,5.015,9.711,0.815,65.47399999999999,0.725,0.024,0.923
North Macedonia,2020,5.0539999999999985,9.69,0.75,65.56,0.787,0.131,0.877
Norway,2012,7.678,11.017,0.948,72.24,0.947,0.147,0.368
Norway,2014,7.444,11.024,0.941,72.68,0.956,0.181,0.405
Norway,2015,7.603,11.033,0.947,72.9,0.948,0.257,0.299
Norway,2016,7.596,11.035,0.96,73.0,0.954,0.133,0.41
Norway,2017,7.579,11.05,0.95,73.1,0.953,0.236,0.25
Norway,2018,7.444,11.056,0.966,73.2,0.96,0.094,0.268
Norway,2019,7.442,11.061,0.942,73.3,0.954,0.111,0.271
Norway,2020,7.29,11.042,0.956,73.4,0.965,0.075,0.271
Oman,2011,6.853,10.382,,65.5,0.916,0.025,
Pakistan,2011,5.267,8.276,0.51,56.42,0.376,0.03,0.857
Pakistan,2012,5.1320000000000014,8.289,0.542,56.64,0.3670000000000001,0.165,0.8420000000000001
Pakistan,2013,5.138,8.311,0.607,56.86,0.448,0.1,0.792
Pakistan,2014,5.436,8.336,0.552,57.08,0.5429999999999999,0.14,0.677
Pakistan,2015,4.823,8.361,0.562,57.3,0.5870000000000001,0.085,0.7170000000000001
Pakistan,2016,5.549,8.394,0.627,57.7,0.634,0.095,0.7929999999999999
Pakistan,2017,5.831,8.427999999999999,0.69,58.1,0.713,0.045,0.7140000000000001
Pakistan,2018,5.472,8.464,0.685,58.5,0.773,0.069,0.799
Pakistan,2019,4.4430000000000005,8.453,0.617,58.9,0.685,0.124,0.7759999999999999
Palestinian Territories,2011,4.751,8.474,0.7509999999999999,,0.522,-0.127,0.75
Palestinian Territories,2012,4.647,8.531,0.782,,0.542,-0.153,0.73
Palestinian Territories,2013,4.8439999999999985,8.488999999999999,0.7609999999999999,,0.454,-0.15,0.78
Palestinian Territories,2014,4.722,8.457,0.775,,0.657,-0.147,0.804
Palestinian Territories,2015,4.695,8.48,0.7659999999999999,,0.556,-0.153,0.774
Palestinian Territories,2016,4.907,8.498,0.818,,0.608,-0.129,0.812
Palestinian Territories,2017,4.628,8.485,0.8240000000000001,,0.632,-0.163,0.831
Palestinian Territories,2018,4.5539999999999985,,0.8190000000000001,,0.655,,0.8140000000000001
Palestinian Territories,2019,4.4830000000000005,,0.833,,0.653,,0.8290000000000001
Panama,2011,7.247999999999998,10.059,0.8759999999999999,68.5,0.8290000000000001,0.009000000000000001,0.84
Panama,2012,6.86,10.135,0.897,68.7,0.7829999999999999,-0.002,0.7959999999999999
Panama,2013,6.8660000000000005,10.184,0.8959999999999999,68.9,0.8109999999999999,0.018000000000000002,0.8140000000000001
Panama,2014,6.631,10.217,0.873,69.1,0.894,0.002,0.847
Panama,2015,6.606,10.255,0.883,69.3,0.847,-0.006999999999999999,0.81
Panama,2016,6.1179999999999986,10.287,0.882,69.4,0.884,-0.102,0.8370000000000001
Panama,2017,6.568,10.324000000000002,0.912,69.5,0.9,-0.17,0.841
Panama,2018,6.2810000000000015,10.343,0.904,69.6,0.861,-0.131,0.8370000000000001
Panama,2019,6.086,10.356,0.8859999999999999,69.7,0.883,-0.199,0.8690000000000001
Paraguay,2011,5.6770000000000005,9.278,0.8690000000000001,64.62,0.6659999999999999,0.191,0.7559999999999999
Paraguay,2012,5.82,9.259,0.931,64.74,0.748,0.2,0.774
Paraguay,2013,5.936,9.326,0.939,64.86,0.909,0.046,0.903
Paraguay,2014,5.119,9.36,0.959,64.98,0.759,-0.002,0.762
Paraguay,2015,5.56,9.377,0.914,65.1,0.8059999999999999,-0.008,0.863
Paraguay,2016,5.801,9.406,0.94,65.3,0.8540000000000001,-0.071,0.7559999999999999
Paraguay,2017,5.712999999999999,9.441,0.902,65.5,0.8909999999999999,0.003,0.81
Paraguay,2019,5.653,9.448,0.892,65.9,0.8759999999999999,0.028,0.882
Peru,2011,5.892,9.27,0.7559999999999999,66.48,0.773,-0.123,0.8240000000000001
Peru,2012,5.825,9.322,0.764,66.66,0.703,-0.079,0.867
Peru,2013,5.783,9.369,0.797,66.84,0.703,-0.066,0.87
Peru,2014,5.8660000000000005,9.382,0.8190000000000001,67.02,0.722,-0.136,0.878
Peru,2015,5.577000000000001,9.402,0.7979999999999999,67.2,0.802,-0.09,0.884
Peru,2016,5.7010000000000005,9.426,0.8029999999999999,67.5,0.83,-0.134,0.866
Peru,2017,5.711,9.434,0.83,67.8,0.8270000000000001,-0.154,0.895
Peru,2018,5.68,9.456,0.845,68.1,0.83,-0.17800000000000002,0.906
Peru,2019,5.999,9.461,0.809,68.4,0.815,-0.13,0.8740000000000001
Philippines,2011,4.994,8.707,0.789,60.8,0.883,0.073,0.7829999999999999
Philippines,2012,5.002,8.756,0.813,61.0,0.914,0.053,0.7709999999999999
Philippines,2013,4.977,8.805,0.846,61.2,0.907,0.021,0.7559999999999999
Philippines,2014,5.313,8.85,0.813,61.4,0.902,-0.015,0.787
Philippines,2015,5.5470000000000015,8.896,0.8540000000000001,61.6,0.912,-0.051,0.755
Philippines,2016,5.431,8.95,0.821,61.7,0.908,-0.071,0.792
Philippines,2017,5.5939999999999985,9.002,0.851,61.8,0.926,-0.141,0.711
Philippines,2018,5.869,9.05,0.846,61.9,0.918,-0.108,0.726
Philippines,2019,6.268,9.095,0.845,62.0,0.91,-0.083,0.748
Philippines,2020,5.08,9.061,0.7809999999999999,62.1,0.932,-0.116,0.7440000000000001
Poland,2011,5.646,10.133,0.905,67.46,0.868,-0.067,0.908
Poland,2012,5.876,10.149,0.936,67.62,0.8109999999999999,-0.027000000000000003,0.888
Poland,2013,5.746,10.164,0.912,67.78,0.7759999999999999,-0.13699999999999998,0.916
Poland,2014,5.75,10.197,0.924,67.94,0.875,-0.064,0.898
Poland,2015,6.0070000000000014,10.235,0.893,68.1,0.7929999999999999,-0.093,0.81
Poland,2016,6.162000000000001,10.265999999999998,0.917,68.5,0.871,-0.091,0.848
Poland,2017,6.2010000000000005,10.314,0.882,68.9,0.831,-0.122,0.639
Poland,2018,6.1110000000000015,10.366,0.863,69.3,0.87,-0.254,0.72
Poland,2019,6.242000000000001,10.407,0.878,69.7,0.883,-0.231,0.696
Poland,2020,6.1389999999999985,10.371,0.953,70.1,0.767,-0.006999999999999999,0.787
Portugal,2011,5.22,10.353,0.856,71.0,0.875,-0.173,0.962
Portugal,2012,4.994,10.315,0.866,71.2,0.774,-0.097,0.959
Portugal,2013,5.158,10.312,0.867,71.4,0.7879999999999999,-0.118,0.946
Portugal,2014,5.127000000000002,10.325,0.862,71.6,0.847,-0.126,0.941
Portugal,2015,5.081,10.347,0.866,71.8,0.8,-0.163,0.941
Portugal,2016,5.447,10.37,0.905,72.0,0.838,-0.225,0.922
Portugal,2017,5.711,10.407,0.9,72.2,0.905,-0.17600000000000002,0.8809999999999999
Portugal,2018,5.92,10.434,0.887,72.4,0.877,-0.261,0.88
Portugal,2019,6.095,10.457,0.8759999999999999,72.6,0.882,-0.234,0.915
Portugal,2020,5.768,10.371,0.875,72.8,0.913,-0.238,0.867
Qatar,2011,6.5920000000000005,11.553,0.857,67.02,0.905,0.012,
Qatar,2012,6.6110000000000015,11.523,0.838,67.34,0.924,0.162,
Qatar,2015,6.375,11.486,,68.3,,,
Romania,2011,5.023,9.94,0.753,65.42,0.65,-0.14,0.964
Romania,2012,5.167000000000002,9.965,0.74,65.64,0.645,-0.112,0.959
Romania,2013,5.082,10.004,0.778,65.86,0.655,-0.129,0.952
Romania,2014,5.727,10.041,0.753,66.08,0.754,-0.1,0.958
Romania,2015,5.777,10.083,0.787,66.3,0.7959999999999999,-0.141,0.962
Romania,2016,5.9689999999999985,10.136,0.809,66.6,0.8220000000000001,-0.115,0.949
Romania,2017,6.09,10.211,0.8109999999999999,66.9,0.8390000000000001,-0.16,0.926
Romania,2018,6.151,10.26,0.818,67.2,0.845,-0.217,0.921
Romania,2019,6.13,10.306,0.8420000000000001,67.5,0.848,-0.221,0.954
Russia,2011,5.3889999999999985,10.129,0.883,61.42,0.626,-0.279,0.935
Russia,2012,5.621,10.166,0.901,61.84,0.609,-0.293,0.938
Russia,2013,5.537000000000001,10.182,0.8809999999999999,62.26,0.6609999999999999,-0.289,0.934
Russia,2014,6.037000000000001,10.171,0.932,62.68,0.7440000000000001,-0.265,0.8690000000000001
Russia,2015,5.996,10.149,0.924,63.1,0.685,-0.171,0.913
Russia,2016,5.855,10.149,0.911,63.5,0.7140000000000001,-0.181,0.925
Russia,2017,5.579,10.166,0.8959999999999999,63.9,0.731,-0.145,0.862
Russia,2018,5.5139999999999985,10.191,0.909,64.3,0.7290000000000001,-0.147,0.865
Russia,2019,5.441,10.205,0.91,64.7,0.715,-0.116,0.848
Russia,2020,5.495,10.162,0.887,65.1,0.7140000000000001,-0.071,0.823
Rwanda,2011,4.097,7.369,0.57,56.82,0.8290000000000001,-0.039,0.161
Rwanda,2012,3.333,7.428,0.637,57.44,0.835,-0.012,0.081
Rwanda,2013,3.466,7.449,0.75,58.06,0.904,-0.028,0.117
Rwanda,2014,3.596,7.484,0.748,58.68,0.894,-0.023,0.078
Rwanda,2015,3.483,7.544,0.6779999999999999,59.3,0.908,0.025,0.095
Rwanda,2016,3.333,7.576,0.665,59.9,0.911,0.025,0.159
Rwanda,2017,3.108,7.587999999999999,0.517,60.5,0.908,0.051,0.214
Rwanda,2018,3.5610000000000004,7.644,0.616,61.1,0.924,0.057,0.16399999999999998
Rwanda,2019,3.268,7.707999999999998,0.489,61.7,0.8690000000000001,0.064,0.168
Saudi Arabia,2011,6.7,10.758,0.83,64.6,0.603,-0.142,
Saudi Arabia,2012,6.396,10.779000000000002,0.867,64.8,0.56,-0.12,
Saudi Arabia,2013,6.495,10.776,0.8270000000000001,65.0,0.6609999999999999,-0.081,
Saudi Arabia,2014,6.278,10.783,0.818,65.2,0.762,-0.073,
Saudi Arabia,2015,6.345,10.798,0.82,65.4,0.82,-0.045,
Saudi Arabia,2016,6.474,10.792,0.89,65.7,0.774,-0.132,
Saudi Arabia,2017,6.294,10.764,0.84,66.0,0.8140000000000001,-0.131,
Saudi Arabia,2018,6.356,10.771,0.868,66.3,0.855,-0.192,
Saudi Arabia,2019,6.561,10.757,0.912,66.6,0.8909999999999999,-0.147,
Saudi Arabia,2020,6.56,10.701,0.89,66.9,0.884,-0.111,
Senegal,2011,3.834,7.904,0.602,56.56,0.6409999999999999,-0.16,0.87
Senegal,2012,3.669,7.926,0.711,57.02,0.6679999999999999,-0.036000000000000004,0.852
Senegal,2013,3.647,7.926,0.823,57.48,0.636,-0.052000000000000005,0.8370000000000001
Senegal,2014,4.395,7.961,0.856,57.94,0.6920000000000001,-0.045,0.7
Senegal,2015,4.617,7.995,0.7020000000000001,58.4,0.72,-0.111,0.765
Senegal,2016,4.595,8.029,0.8390000000000001,58.8,0.7440000000000001,-0.086,0.794
Senegal,2017,4.683,8.072000000000001,0.7440000000000001,59.2,0.687,-0.044,0.825
Senegal,2018,4.769,8.106,0.7390000000000001,59.6,0.629,-0.07400000000000001,0.805
Senegal,2019,5.489,8.13,0.688,60.0,0.759,-0.019,0.7959999999999999
Serbia,2011,4.815,9.607,0.773,66.36,0.44,-0.185,0.977
Serbia,2012,5.155,9.605,0.8190000000000001,66.52,0.461,-0.13,0.952
Serbia,2013,5.102,9.638,0.828,66.68,0.5329999999999999,-0.1,0.908
Serbia,2014,5.113,9.627,0.7829999999999999,66.84,0.532,0.07200000000000001,0.912
Serbia,2015,5.318,9.649,0.816,67.0,0.546,-0.062,0.8590000000000001
Serbia,2016,5.752999999999999,9.688,0.895,67.4,0.614,-0.068,0.89
Serbia,2017,5.122000000000001,9.713,0.884,67.8,0.685,-0.077,0.851
Serbia,2018,5.936,9.762,0.853,68.2,0.74,-0.1,0.8640000000000001
Serbia,2019,6.2410000000000005,9.808,0.903,68.6,0.753,-0.04,0.813
Serbia,2020,6.042000000000002,9.788,0.852,69.0,0.843,0.149,0.8240000000000001
Sierra Leone,2011,4.502,7.292000000000002,0.782,44.32,0.77,0.005,0.855
Sierra Leone,2013,4.5139999999999985,7.577000000000001,0.708,45.16,0.72,-0.071,0.856
Sierra Leone,2014,4.5,7.6,0.8690000000000001,45.58,0.6809999999999999,0.034,0.7859999999999999
Sierra Leone,2015,4.909,7.347,0.611,46.0,0.624,0.05,0.825
Sierra Leone,2016,4.7330000000000005,7.383999999999999,0.657,47.6,0.6809999999999999,0.106,0.863
Sierra Leone,2017,4.09,7.404,0.652,49.2,0.711,0.079,0.848
Sierra Leone,2018,4.306,7.417000000000002,0.65,50.8,0.716,0.095,0.856
Sierra Leone,2019,3.447,7.449,0.611,52.4,0.718,0.07400000000000001,0.8740000000000001
Singapore,2011,6.561,11.307,0.904,75.02,0.8220000000000001,-0.149,0.099
Singapore,2013,6.533,11.357,0.8079999999999999,75.46,0.8270000000000001,0.115,0.242
Singapore,2014,7.062,11.383,0.8220000000000001,75.68,0.835,0.154,0.133
Singapore,2015,6.62,11.4,0.866,75.9,0.887,0.15,0.099
Singapore,2016,6.033,11.419,0.925,76.2,0.904,0.14300000000000002,0.047
Singapore,2017,6.377999999999999,11.461,0.897,76.5,0.926,0.136,0.162
Singapore,2018,6.375,11.49,0.903,76.8,0.916,-0.066,0.097
Singapore,2019,6.377999999999999,11.486,0.925,77.1,0.938,0.027000000000000003,0.07
Slovakia,2011,5.945,10.196,0.917,67.04,0.727,0.01,0.907
Slovakia,2012,5.9110000000000005,10.213,0.926,67.28,0.62,-0.028,0.907
Slovakia,2013,5.937,10.218,0.909,67.52,0.598,-0.051,0.915
Slovakia,2014,6.1389999999999985,10.244000000000002,0.924,67.76,0.635,-0.126,0.914
Slovakia,2015,6.162000000000001,10.291,0.943,68.0,0.5870000000000001,-0.128,0.928
Slovakia,2016,5.9929999999999986,10.31,0.945,68.3,0.7,-0.061,0.917
Slovakia,2017,6.3660000000000005,10.339,0.913,68.6,0.7140000000000001,-0.055,0.92
Slovakia,2018,6.235,10.376,0.922,68.9,0.758,-0.16699999999999998,0.91
Slovakia,2019,6.2429999999999986,10.398,0.933,69.2,0.7709999999999999,-0.129,0.926
Slovakia,2020,6.519,10.332,0.954,69.5,0.762,-0.075,0.901
Slovenia,2011,6.0360000000000005,10.425999999999998,0.931,69.4,0.907,-0.025,0.893
Slovenia,2012,6.063,10.397,0.925,69.6,0.904,-0.02,0.8909999999999999
Slovenia,2013,5.975,10.385,0.932,69.8,0.89,0.036000000000000004,0.918
Slovenia,2014,5.678,10.412,0.908,70.0,0.888,0.052000000000000005,0.909
Slovenia,2015,5.7410000000000005,10.433,0.901,70.2,0.8959999999999999,0.008,0.892
Slovenia,2016,5.937,10.463,0.934,70.5,0.904,-0.055,0.838
Slovenia,2017,6.167000000000002,10.509,0.928,70.8,0.921,-0.025,0.8290000000000001
Slovenia,2018,6.249,10.546,0.941,71.1,0.942,-0.119,0.8390000000000001
Slovenia,2019,6.665,10.563,0.949,71.4,0.945,-0.102,0.785
Slovenia,2020,6.4620000000000015,10.478,0.953,71.7,0.958,-0.081,0.797
Somalia,2014,5.528,,0.611,49.6,0.8740000000000001,,0.456
Somalia,2015,5.354,,0.599,50.1,0.968,,0.41
Somalia,2016,4.668,,0.594,50.0,0.917,,0.441
Somaliland region,2011,4.931,,0.7879999999999999,,0.858,,0.35700000000000004
Somaliland region,2012,5.057,,0.7859999999999999,,0.758,,0.334
South Africa,2011,4.931,9.447,0.858,51.46,0.835,-0.154,0.8190000000000001
South Africa,2012,5.134,9.453,0.907,52.42,0.59,-0.163,0.838
South Africa,2013,3.661,9.461,0.8390000000000001,53.38,0.7140000000000001,-0.077,0.8
South Africa,2014,4.828,9.464,0.8809999999999999,54.34,0.794,-0.117,0.82
South Africa,2015,4.887,9.46,0.898,55.3,0.862,-0.127,0.853
South Africa,2016,4.77,9.45,0.875,55.7,0.774,-0.07,0.813
South Africa,2017,4.5139999999999985,9.45,0.87,56.1,0.787,-0.129,0.865
South Africa,2018,4.884,9.444,0.841,56.5,0.753,-0.05,0.841
South Africa,2019,5.035,9.432,0.848,56.9,0.738,-0.134,0.82
South Africa,2020,4.947,9.332,0.8909999999999999,57.3,0.757,-0.015,0.912
South Korea,2011,6.947,10.475,0.809,71.66,0.682,-0.048,0.8270000000000001
South Korea,2012,6.002999999999999,10.494000000000002,0.775,71.92,0.618,,0.8440000000000001
South Korea,2013,5.959,10.52,0.797,72.18,0.642,-0.05,0.8320000000000001
South Korea,2014,5.801,10.546,0.738,72.44,0.623,-0.043,0.8340000000000001
South Korea,2015,5.78,10.568,0.768,72.7,0.616,-0.036000000000000004,0.841
South Korea,2016,5.971,10.593,0.8109999999999999,73.0,0.591,0.026,0.862
South Korea,2017,5.874,10.621,0.807,73.3,0.5379999999999999,0.014,0.851
South Korea,2018,5.84,10.643,0.7979999999999999,73.6,0.6,-0.08900000000000001,0.797
South Korea,2019,5.903,10.661,0.7829999999999999,73.9,0.706,-0.055,0.718
South Korea,2020,5.792999999999998,10.648,0.8079999999999999,74.2,0.711,-0.106,0.665
South Sudan,2014,3.832,,0.545,49.84,0.5670000000000001,,0.742
South Sudan,2015,4.0710000000000015,,0.585,50.2,0.512,,0.71
South Sudan,2016,2.888,,0.532,50.6,0.44,,0.785
South Sudan,2017,2.817,,0.557,51.0,0.456,,0.7609999999999999
Spain,2011,6.518,10.518,0.944,73.02,0.8190000000000001,-0.122,0.846
Spain,2012,6.291,10.487,0.937,73.14,0.755,-0.059,0.8440000000000001
Spain,2013,6.15,10.476,0.929,73.26,0.759,-0.101,0.916
Spain,2014,6.456,10.492,0.948,73.38,0.738,-0.028,0.8540000000000001
Spain,2015,6.381,10.531,0.956,73.5,0.732,-0.07200000000000001,0.8220000000000001
Spain,2016,6.319,10.56,0.942,73.8,0.768,-0.048,0.8190000000000001
Spain,2017,6.23,10.586,0.903,74.1,0.7559999999999999,-0.032,0.7909999999999999
Spain,2018,6.513,10.605,0.91,74.4,0.722,-0.075,0.777
Spain,2019,6.457000000000002,10.618,0.949,74.7,0.778,-0.049,0.73
Spain,2020,6.502000000000002,10.488,0.935,75.0,0.7829999999999999,-0.121,0.73
Sri Lanka,2011,4.181,9.193,0.8420000000000001,66.2,0.823,0.145,0.76
Sri Lanka,2012,4.225,9.279,0.8240000000000001,66.3,0.8,0.161,0.823
Sri Lanka,2013,4.365,9.305,0.809,66.4,0.8340000000000001,0.268,0.8420000000000001
Sri Lanka,2014,4.268,9.344,0.805,66.5,0.868,0.299,0.7909999999999999
Sri Lanka,2015,4.612,9.383,0.863,66.6,0.902,0.319,0.8590000000000001
Sri Lanka,2017,4.331,9.44,0.823,67.0,0.8270000000000001,0.094,0.8440000000000001
Sri Lanka,2018,4.435,9.462,0.833,67.2,0.8590000000000001,0.106,0.856
Sri Lanka,2019,4.213,9.479,0.815,67.4,0.8240000000000001,0.051,0.863
Sudan,2011,4.314,8.204,0.818,54.28,0.583,-0.024,0.6629999999999999
Sudan,2012,4.55,8.296,0.813,54.56,0.412,-0.056,0.7340000000000001
Sudan,2014,4.1389999999999985,8.317,0.8109999999999999,55.12,0.39,-0.063,0.794
Suriname,2012,6.269,9.797,0.797,62.24,0.885,-0.077,0.7509999999999999
Swaziland,2011,4.867,8.94,0.8370000000000001,40.808,0.607,-0.067,0.917
Swaziland,2018,4.212,9.06,0.779,50.353,0.71,-0.17800000000000002,0.6920000000000001
Swaziland,2019,4.396,9.07,0.759,51.27,0.597,-0.191,0.7240000000000001
Sweden,2011,7.3820000000000014,10.814,0.921,71.98,0.941,0.161,0.269
Sweden,2012,7.56,10.8,0.929,72.06,0.944,0.132,0.254
Sweden,2013,7.434,10.804,0.916,72.14,0.936,0.159,0.324
Sweden,2014,7.239,10.82,0.933,72.22,0.945,0.202,0.25
Sweden,2015,7.289,10.853,0.929,72.3,0.935,0.211,0.232
Sweden,2016,7.369,10.861,0.912,72.4,0.918,0.146,0.246
Sweden,2017,7.287000000000001,10.873,0.914,72.5,0.935,0.17,0.239
Sweden,2018,7.375,10.880999999999998,0.931,72.6,0.942,0.077,0.263
Sweden,2019,7.398,10.882,0.934,72.7,0.942,0.091,0.25
Sweden,2020,7.314,10.838,0.936,72.8,0.951,0.091,0.203
Switzerland,2012,7.776,11.079,0.947,72.78,0.945,0.139,0.32299999999999995
Switzerland,2014,7.4929999999999986,11.098,0.959,73.06,0.949,0.06,0.28300000000000003
Switzerland,2015,7.572,11.1,0.938,73.2,0.928,0.109,0.21
Switzerland,2016,7.459,11.106,0.928,73.5,0.934,0.08800000000000001,0.302
Switzerland,2017,7.474,11.115,0.95,73.8,0.925,0.18,0.316
Switzerland,2018,7.508999999999999,11.134,0.93,74.1,0.926,0.101,0.301
Switzerland,2019,7.694,11.136,0.949,74.4,0.913,0.036000000000000004,0.294
Switzerland,2020,7.507999999999999,11.081,0.946,74.7,0.917,-0.064,0.28
Syria,2011,4.038,8.727,0.5760000000000001,62.32,0.53,0.131,0.741
Syria,2012,3.164,8.562999999999999,0.588,60.54,0.467,0.316,0.6729999999999999
Syria,2013,2.688,8.396,0.585,58.76,0.455,0.225,0.6629999999999999
Syria,2015,3.462,8.442,0.464,55.2,0.448,0.045,0.685
Taiwan Province of China,2011,6.309,10.705,0.863,,0.7609999999999999,0.035,0.755
Taiwan Province of China,2012,6.126,10.716,0.825,,0.698,0.022,0.8029999999999999
Taiwan Province of China,2013,6.34,10.75,0.8170000000000001,,0.69,0.002,0.841
Taiwan Province of China,2014,6.363,10.798,0.87,,0.693,0.092,0.866
Taiwan Province of China,2015,6.45,10.842,0.885,,0.701,0.019,0.857
Taiwan Province of China,2016,6.513,10.855,0.895,,0.7190000000000001,-0.049,0.8109999999999999
Taiwan Province of China,2017,6.359,10.871,0.8909999999999999,,0.76,-0.07,0.743
Taiwan Province of China,2018,6.4670000000000005,,0.8959999999999999,,0.741,,0.736
Taiwan Province of China,2019,6.537000000000001,,0.893,,0.8140000000000001,,0.718
Taiwan Province of China,2020,6.751,,0.901,,0.799,,0.711
Tajikistan,2011,4.263,7.772,0.7509999999999999,62.56,0.7759999999999999,-0.119,0.672
Tajikistan,2012,4.497,7.8210000000000015,0.7290000000000001,62.72,0.7490000000000001,-0.073,0.7170000000000001
Tajikistan,2013,4.967,7.87,0.701,62.88,0.693,0.063,0.764
Tajikistan,2014,4.896,7.911,0.81,63.04,0.853,0.002,0.698
Tajikistan,2015,5.124,7.945,0.8440000000000001,63.2,0.847,0.022,0.742
Tajikistan,2016,5.104,7.987,0.857,63.5,0.703,0.01,0.632
Tajikistan,2017,5.829,8.036,0.6629999999999999,63.8,0.8320000000000001,0.124,0.718
Tajikistan,2018,5.497000000000001,8.082,0.875,64.1,,-0.065,0.578
Tajikistan,2019,5.464,8.126,0.88,64.4,,-0.045,0.49
Tajikistan,2020,5.372999999999998,8.08,0.79,64.7,,-0.04,0.55
Tanzania,2011,4.074,7.649,0.883,53.04,0.736,-0.046,0.816
Tanzania,2012,4.007,7.6629999999999985,0.8320000000000001,53.78,0.5770000000000001,0.213,0.887
Tanzania,2013,3.852,7.699,0.8029999999999999,54.52,0.654,0.054000000000000006,0.8590000000000001
Tanzania,2014,3.483,7.734,0.789,55.26,0.654,0.11,0.878
Tanzania,2015,3.661,7.7639999999999985,0.79,56.0,0.759,0.149,0.906
Tanzania,2016,2.903,7.8,0.638,56.5,0.775,0.179,0.7390000000000001
Tanzania,2017,3.347,7.836,0.705,57.0,0.8,0.116,0.654
Tanzania,2018,3.445,7.859,0.675,57.5,0.807,0.153,0.612
Tanzania,2019,3.64,7.886,0.687,58.0,0.85,0.1,0.589
Tanzania,2020,3.786,7.881,0.74,58.5,0.83,0.295,0.521
Thailand,2011,6.664,9.579,0.884,65.72,0.927,0.4,0.923
Thailand,2012,6.3,9.645,0.906,65.94,0.847,0.38,0.909
Thailand,2013,6.231,9.667,0.926,66.16,0.7809999999999999,0.456,0.925
Thailand,2014,6.985,9.672,0.933,66.38,0.9,0.5529999999999999,0.92
Thailand,2015,6.202000000000001,9.699,0.866,66.6,0.885,0.316,0.914
Thailand,2016,6.074,9.729,0.908,66.8,0.924,0.35600000000000004,0.878
Thailand,2017,5.939,9.765,0.877,67.0,0.923,0.212,0.884
Thailand,2018,6.0120000000000005,9.803,0.873,67.2,0.905,0.259,0.907
Thailand,2019,6.022,9.824,0.903,67.4,0.898,0.309,0.877
Thailand,2020,5.885,9.769,0.867,67.6,0.84,0.273,0.918
Togo,2011,2.9360000000000004,7.146,0.303,51.58,0.584,-0.07,0.8320000000000001
Togo,2014,2.839,7.247000000000001,0.444,53.02,0.6629999999999999,-0.085,0.795
Togo,2015,3.768,7.277,0.479,53.5,0.772,-0.069,0.733
Togo,2016,3.879,7.306,0.509,53.9,0.73,-0.006999999999999999,0.815
Togo,2017,4.3610000000000015,7.324,0.508,54.3,0.7170000000000001,-0.042,0.726
Togo,2018,4.023,7.348,0.596,54.7,0.612,-0.006999999999999999,0.809
Togo,2019,4.1789999999999985,7.375,0.539,55.1,0.617,0.065,0.737
Trinidad and Tobago,2011,6.519,10.263,0.863,62.54,0.775,0.078,0.9
Trinidad and Tobago,2013,6.167999999999998,10.285,0.883,62.82,0.847,0.128,0.948
Trinidad and Tobago,2017,6.192,10.183,0.916,63.5,0.8590000000000001,0.015,0.911
Tunisia,2011,4.876,9.192,0.715,65.28,0.603,-0.199,0.913
Tunisia,2012,4.464,9.222,0.614,65.46,0.568,-0.17600000000000002,0.899
Tunisia,2013,5.246,9.24,0.648,65.64,0.536,-0.207,0.8859999999999999
Tunisia,2014,4.7639999999999985,9.26,0.68,65.82,0.589,-0.232,0.7829999999999999
Tunisia,2015,5.1320000000000014,9.261,0.609,66.0,0.711,-0.226,0.815
Tunisia,2016,4.521,9.262,0.7020000000000001,66.3,0.614,-0.165,0.8109999999999999
Tunisia,2017,4.124,9.269,0.7170000000000001,66.6,0.478,-0.219,0.8690000000000001
Tunisia,2018,4.7410000000000005,9.284,0.733,66.9,0.65,-0.191,0.84
Tunisia,2019,4.315,9.283,0.61,67.2,0.659,-0.209,0.889
Tunisia,2020,4.731,9.231,0.7190000000000001,67.5,0.6679999999999999,-0.202,0.877
Turkey,2011,5.272,9.996,0.6920000000000001,64.64,0.446,-0.242,0.649
Turkey,2012,5.309,10.026,0.7390000000000001,64.88,0.471,-0.21600000000000005,0.7020000000000001
Turkey,2013,4.888,10.091,0.795,65.12,0.541,-0.229,0.698
Turkey,2014,5.58,10.124,0.863,65.36,0.649,-0.024,0.764
Turkey,2015,5.5139999999999985,10.166,0.851,65.6,0.653,-0.016,0.8059999999999999
Turkey,2016,5.3260000000000005,10.181,0.88,66.0,0.644,-0.065,0.764
Turkey,2017,5.607,10.238,0.8759999999999999,66.4,0.644,-0.237,0.6709999999999999
Turkey,2018,5.186,10.251,0.847,66.8,0.529,-0.17600000000000002,0.805
Turkey,2019,4.872,10.246,0.792,67.2,0.631,-0.136,0.76
Turkey,2020,4.862,10.219,0.857,67.6,0.51,-0.111,0.774
Turkmenistan,2011,5.792000000000002,9.182,0.964,60.04,,0.018000000000000002,
Turkmenistan,2012,5.464,9.269,0.946,60.28,0.7859999999999999,-0.123,
Turkmenistan,2013,5.392,9.348,0.846,60.52,0.705,-0.071,
Turkmenistan,2014,5.787000000000001,9.427,0.909,60.76,0.805,0.032,
Turkmenistan,2015,5.791,9.472,0.96,61.0,0.701,0.093,
Turkmenistan,2016,5.8870000000000005,9.515,0.929,61.4,0.7490000000000001,0.005,
Turkmenistan,2017,5.229,9.561,0.908,61.8,0.72,0.066,
Turkmenistan,2018,4.621,9.605,0.984,62.2,0.858,0.26,
Turkmenistan,2019,5.474,9.651,0.982,62.6,0.892,0.285,
Uganda,2011,4.8260000000000005,7.586,0.882,51.22,0.733,0.032,0.83
Uganda,2012,4.309,7.592,0.885,52.04,0.649,0.081,0.838
Uganda,2013,3.71,7.595,0.878,52.86,0.763,0.053,0.82
Uganda,2014,3.77,7.6110000000000015,0.821,53.68,0.8340000000000001,0.009000000000000001,0.898
Uganda,2015,4.238,7.627000000000002,0.747,54.5,0.758,0.135,0.873
Uganda,2016,4.2330000000000005,7.637,0.754,54.9,0.7390000000000001,0.132,0.8109999999999999
Uganda,2017,4.001,7.638,0.74,55.3,0.772,0.06,0.816
Uganda,2018,4.322,7.66,0.74,55.7,0.7290000000000001,0.079,0.856
Uganda,2019,4.948,7.688,0.805,56.1,0.7040000000000001,0.139,0.826
Uganda,2020,4.641,7.684,0.8,56.5,0.687,0.147,0.878
Ukraine,2011,5.083,9.431,0.8590000000000001,62.5,0.579,-0.228,0.933
Ukraine,2012,5.03,9.436,0.898,62.8,0.564,-0.223,0.8959999999999999
Ukraine,2013,4.711,9.438,0.897,63.1,0.569,-0.21600000000000005,0.937
Ukraine,2014,4.297,9.426,0.877,63.4,0.5329999999999999,0.084,0.927
Ukraine,2015,3.965,9.327,0.909,63.7,0.431,-0.033,0.952
Ukraine,2016,4.029,9.353,0.885,64.0,0.503,0.011,0.8909999999999999
Ukraine,2017,4.311,9.382,0.858,64.3,0.599,-0.002,0.937
Ukraine,2018,4.662,9.42,0.901,64.6,0.6629999999999999,-0.07400000000000001,0.943
Ukraine,2019,4.702,9.458,0.883,64.9,0.715,-0.081,0.885
Ukraine,2020,5.27,9.428,0.885,65.2,0.784,0.126,0.946
United Arab Emirates,2011,7.119,10.935,0.8809999999999999,66.42,0.889,0.071,
United Arab Emirates,2012,7.218,10.958,0.856,66.44,0.92,,
United Arab Emirates,2013,6.621,11.001,0.8640000000000001,66.46,0.936,,
United Arab Emirates,2014,6.54,11.041,,66.48,,,
United Arab Emirates,2015,6.568,11.086,0.8240000000000001,66.5,0.915,0.201,
United Arab Emirates,2016,6.831,11.105,0.8490000000000001,66.7,0.949,0.131,
United Arab Emirates,2017,7.039,11.115,0.836,66.9,0.962,0.21600000000000005,
United Arab Emirates,2018,6.604,11.112,0.851,67.1,0.944,0.054000000000000006,
United Arab Emirates,2019,6.711,11.114,0.862,67.3,0.911,0.129,
United Arab Emirates,2020,6.457999999999998,11.053,0.8270000000000001,67.5,0.942,0.06,
United Kingdom,2011,6.869,10.657,0.949,71.38,0.9,0.336,0.438
United Kingdom,2012,6.881,10.664,0.935,71.46,0.889,0.371,0.425
United Kingdom,2013,6.917999999999998,10.679,0.937,71.54,0.905,0.34600000000000003,0.568
United Kingdom,2014,6.757999999999999,10.697,0.91,71.62,0.857,0.355,0.484
United Kingdom,2015,6.515,10.712,0.936,71.7,0.833,0.3,0.456
United Kingdom,2016,6.824,10.724,0.954,71.9,0.821,0.25,0.458
United Kingdom,2017,7.103,10.736,0.937,72.1,0.813,0.29100000000000004,0.419
United Kingdom,2018,7.233,10.743,0.928,72.3,0.838,0.226,0.404
United Kingdom,2019,7.157,10.751,0.943,72.5,0.8540000000000001,0.271,0.485
United Kingdom,2020,6.797999999999999,10.626,0.929,72.7,0.885,0.203,0.49
United States,2011,7.115,10.913,0.922,68.68,0.863,0.161,0.6970000000000001
United States,2012,7.026,10.928,0.903,68.66,0.823,0.215,0.71
United States,2013,7.249,10.939,0.925,68.64,0.792,0.274,0.747
United States,2014,7.151,10.956,0.902,68.62,0.866,0.221,0.7020000000000001
United States,2015,6.864,10.977,0.904,68.6,0.8490000000000001,0.219,0.698
United States,2016,6.8039999999999985,10.986,0.897,68.5,0.758,0.14400000000000002,0.7390000000000001
United States,2017,6.992000000000001,11.001,0.921,68.4,0.868,0.197,0.6809999999999999
United States,2018,6.882999999999999,11.025,0.904,68.3,0.825,0.116,0.71
United States,2019,6.944,11.043,0.917,68.2,0.836,0.14400000000000002,0.7070000000000001
United States,2020,7.028,11.001,0.937,68.1,0.85,0.034,0.6779999999999999
Uruguay,2011,6.5539999999999985,9.83,0.8909999999999999,68.14,0.851,-0.08,0.556
Uruguay,2012,6.45,9.861,0.865,68.28,0.871,0.067,0.615
Uruguay,2013,6.444,9.904,0.917,68.42,0.888,-0.043,0.586
Uruguay,2014,6.561,9.932,0.902,68.56,0.904,-0.073,0.5329999999999999
Uruguay,2015,6.627999999999999,9.932,0.8909999999999999,68.7,0.917,-0.032,0.6729999999999999
Uruguay,2016,6.171,9.946,0.9,68.8,0.8859999999999999,-0.07200000000000001,0.6759999999999999
Uruguay,2017,6.336,9.968,0.914,68.9,0.898,-0.091,0.627
Uruguay,2018,6.372000000000001,9.98,0.917,69.0,0.8759999999999999,-0.097,0.6829999999999999
Uruguay,2019,6.6,9.979,0.933,69.1,0.903,-0.095,0.599
Uruguay,2020,6.31,9.937,0.921,69.2,0.908,-0.084,0.491
Uzbekistan,2011,5.739,8.493,0.924,63.4,0.934,0.042,0.522
Uzbekistan,2012,6.019,8.55,0.933,63.6,0.914,-0.037000000000000005,0.463
Uzbekistan,2013,5.94,8.607000000000001,0.963,63.8,0.95,-0.034,0.434
Uzbekistan,2014,6.049,8.658999999999999,0.952,64.0,0.954,0.061,0.536
Uzbekistan,2015,5.972,8.714,0.968,64.2,0.98,0.375,0.471
Uzbekistan,2016,5.893,8.756,0.945,64.5,0.984,0.208,
Uzbekistan,2017,6.421,8.782,0.942,64.8,0.985,0.123,0.465
Uzbekistan,2018,6.205,8.818,0.921,65.1,0.97,0.318,0.52
Uzbekistan,2019,6.154,8.853,0.915,65.4,0.97,0.304,0.511
Venezuela,2011,6.58,9.822,0.931,65.74,0.7659999999999999,-0.226,0.772
Venezuela,2012,7.067,9.826,0.932,65.78,0.804,-0.193,0.743
Venezuela,2013,6.553,9.739,0.8959999999999999,65.82,0.642,-0.22,0.8370000000000001
Venezuela,2014,6.136,9.557,0.904,65.86,0.57,-0.199,0.8270000000000001
Venezuela,2015,5.569,9.001,0.911,65.9,0.512,-0.117,0.813
Venezuela,2016,4.041,9.01,0.902,66.1,0.458,-0.155,0.89
Venezuela,2017,5.0710000000000015,9.073,0.8959999999999999,66.3,0.636,-0.16899999999999998,0.8440000000000001
Venezuela,2018,5.006,,0.887,66.5,0.611,,0.828
Venezuela,2019,5.081,,0.888,66.7,0.626,,0.8390000000000001
Venezuela,2020,4.574,,0.805,66.9,0.612,,0.8109999999999999
Vietnam,2011,5.767,8.585,0.898,66.66,0.818,0.105,0.742
Vietnam,2012,5.535,8.626,0.775,66.82,0.856,-0.11,0.815
Vietnam,2013,5.023,8.668,0.759,66.98,0.92,-0.027000000000000003,0.7709999999999999
Vietnam,2014,5.085,8.716000000000001,0.792,67.14,,0.0,
Vietnam,2015,5.0760000000000005,8.77,0.8490000000000001,67.3,,0.086,
Vietnam,2016,5.062,8.82,0.8759999999999999,67.5,0.894,-0.09,0.799
Vietnam,2017,5.175,8.876,,67.7,,,
Vietnam,2018,5.296,8.934,0.8320000000000001,67.9,0.909,-0.041,0.8079999999999999
Vietnam,2019,5.4670000000000005,8.992,0.848,68.1,0.952,-0.126,0.7879999999999999
Yemen,2011,3.746,8.336,0.6629999999999999,54.3,0.638,-0.173,0.754
Yemen,2012,4.061,8.236,0.682,54.3,0.706,-0.171,0.7929999999999999
Yemen,2013,4.218,8.242,0.6940000000000001,54.3,0.5429999999999999,-0.179,0.885
Yemen,2014,3.968,8.117,0.638,54.3,0.664,-0.157,0.885
Yemen,2015,2.983,7.858,0.669,54.3,0.61,-0.139,0.8290000000000001
Yemen,2016,3.826,7.715,0.775,55.1,0.5329999999999999,-0.151,
Yemen,2017,3.254,7.5779999999999985,0.79,55.9,0.595,-0.147,
Yemen,2018,3.0580000000000003,,0.789,56.7,0.5529999999999999,,0.7929999999999999
Yemen,2019,4.197,,0.87,57.5,0.6509999999999999,,0.7979999999999999
Zambia,2011,4.999,8.071,0.8640000000000001,50.84,0.6629999999999999,0.003,0.882
Zambia,2012,5.013,8.113999999999999,0.78,51.58,0.7879999999999999,0.008,0.8059999999999999
Zambia,2013,5.244,8.131,0.7609999999999999,52.32,0.77,-0.104,0.732
Zambia,2014,4.346,8.146,0.706,53.06,0.812,-0.011,0.809
Zambia,2015,4.843,8.144,0.691,53.8,0.759,-0.039,0.871
Zambia,2016,4.348,8.151,0.767,54.3,0.812,0.122,0.7709999999999999
Zambia,2017,3.933,8.156,0.7440000000000001,54.8,0.823,0.14,0.74
Zambia,2018,4.041,8.167,0.718,55.3,0.7909999999999999,0.048,0.8109999999999999
Zambia,2019,3.307,8.155,0.638,55.8,0.8109999999999999,0.077,0.8320000000000001
Zambia,2020,4.838,8.117,0.767,56.3,0.75,0.056,0.81
Zimbabwe,2011,4.846,7.846,0.865,48.12,0.633,-0.08800000000000001,0.83
Zimbabwe,2012,4.955,7.983,0.8959999999999999,49.54,0.47,-0.103,0.8590000000000001
Zimbabwe,2013,4.69,7.985,0.799,50.96,0.5760000000000001,-0.104,0.831
Zimbabwe,2014,4.184,7.991,0.7659999999999999,52.38,0.642,-0.07400000000000001,0.82
Zimbabwe,2015,3.703,7.992000000000001,0.736,53.8,0.667,-0.123,0.81
Zimbabwe,2016,3.735,7.984,0.768,54.4,0.733,-0.095,0.7240000000000001
Zimbabwe,2017,3.638,8.016,0.754,55.0,0.753,-0.098,0.7509999999999999
Zimbabwe,2018,3.616,8.049,0.775,55.6,0.763,-0.068,0.8440000000000001
Zimbabwe,2019,2.694,7.95,0.759,56.2,0.632,-0.064,0.831
Zimbabwe,2020,3.16,7.829,0.7170000000000001,56.8,0.643,-0.009000000000000001,0.789
